1.560787441243585363e+02 -6.093933571490622825e+01
1.561452172527245352e+02 -6.088806312500268803e+01
1.562114770132178592e+02 -6.083675785978523010e+01
1.562775244026902897e+02 -6.078542009256410950e+01
1.563433604129239711e+02 -6.073404999554546180e+01
1.564089860306527271e+02 -6.068264773983911908e+01
1.564744022375833765e+02 -6.063121349546626959e+01
1.565396100104169932e+02 -6.057974743136711737e+01
1.566046103208705631e+02 -6.052824971540858456e+01
1.566694041356981302e+02 -6.047672051439171526e+01
1.567339924167125957e+02 -6.042515999405931382e+01
1.567983761208069780e+02 -6.037356831910330612e+01
1.568625561999761828e+02 -6.032194565317220025e+01
1.569265336013383205e+02 -6.027029215887836244e+01
1.569903092671566469e+02 -6.021860799780542806e+01
1.570538841348608514e+02 -6.016689333051540700e+01
1.571172591370689702e+02 -6.011514831655593838e+01
1.571804352016087876e+02 -6.006337311446752381e+01
1.572434132515396072e+02 -6.001156788179046231e+01
1.573061942051741084e+02 -5.995973277507198418e+01
1.573687789760996338e+02 -5.990786794987325692e+01
1.574311684732002163e+02 -5.985597356077629172e+01
1.574933636006780091e+02 -5.980404976139086415e+01
1.575553652580751702e+02 -5.975209670436129272e+01
1.576171743402953211e+02 -5.970011454137335249e+01
1.576787917376254029e+02 -5.964810342316097547e+01
1.577402183357572198e+02 -5.959606349951286575e+01
1.578014550158090969e+02 -5.954399491927932075e+01
1.578625026543475087e+02 -5.949189783037866874e+01
1.579233621234086229e+02 -5.943977237980393369e+01
1.579840342905200998e+02 -5.938761871362937939e+01
1.580445200187224373e+02 -5.933543697701679775e+01
1.581048201665905140e+02 -5.928322731422215242e+01
1.581649355882553891e+02 -5.923098986860178172e+01
1.582248671334254482e+02 -5.917872478261885050e+01
1.582846156474080885e+02 -5.912643219784951043e+01
1.583441819711310643e+02 -5.907411225498924523e+01
1.584035669411639731e+02 -5.902176509385896708e+01
1.584627713897394585e+02 -5.896939085341125519e+01
1.585217961447747541e+02 -5.891698967173641677e+01
1.585806420298928572e+02 -5.886456168606852657e+01
1.586393098644438169e+02 -5.881210703279147367e+01
1.586978004635258799e+02 -5.875962584744489448e+01
1.587561146380067783e+02 -5.870711826473012707e+01
1.588142531945447899e+02 -5.865458441851613713e+01
1.588722169356098846e+02 -5.860202444184525916e+01
1.589300066595046417e+02 -5.854943846693911524e+01
1.589876231603853398e+02 -5.849682662520422127e+01
1.590450672282829885e+02 -5.844418904723787733e+01
1.591023396491239055e+02 -5.839152586283373125e+01
1.591594412047508911e+02 -5.833883720098740611e+01
1.592163726729439190e+02 -5.828612318990211350e+01
1.592731348274407708e+02 -5.823338395699425973e+01
1.593297284379577547e+02 -5.818061962889888861e+01
1.593861542702103975e+02 -5.812783033147510992e+01
1.594424130859339641e+02 -5.807501618981164881e+01
1.594985056429039219e+02 -5.802217732823217489e+01
1.595544326949565175e+02 -5.796931387030060989e+01
1.596101949920088714e+02 -5.791642593882649948e+01
1.596657932800797823e+02 -5.786351365587020723e+01
1.597212283013094805e+02 -5.781057714274831483e+01
1.597765007939801762e+02 -5.775761652003861002e+01
1.598316114925360409e+02 -5.770463190758536598e+01
1.598865611276033007e+02 -5.765162342450441457e+01
1.599413504260103309e+02 -5.759859118918827647e+01
1.599959801108074373e+02 -5.754553531931113497e+01
1.600504509012867800e+02 -5.749245593183388081e+01
1.601047635130023536e+02 -5.743935314300910022e+01
1.601589186577894282e+02 -5.738622706838598475e+01
1.602129170437844436e+02 -5.733307782281515586e+01
1.602667593754445363e+02 -5.727990552045369554e+01
1.603204463535670641e+02 -5.722671027476979333e+01
1.603739786753089618e+02 -5.717349219854764186e+01
1.604273570342062953e+02 -5.712025140389214783e+01
1.604805821201935601e+02 -5.706698800223366419e+01
1.605336546196226664e+02 -5.701370210433267260e+01
1.605865752152824939e+02 -5.696039382028439491e+01
1.606393445864177068e+02 -5.690706325952349687e+01
1.606919634087478812e+02 -5.685371053082851489e+01
1.607444323544862925e+02 -5.680033574232662374e+01
1.607967520923591849e+02 -5.674693900149788561e+01
1.608489232876240180e+02 -5.669352041517995389e+01
1.609009466020886236e+02 -5.664008008957241458e+01
1.609528226941295657e+02 -5.658661813024115617e+01
1.610045522187109839e+02 -5.653313464212286732e+01
1.610561358274028407e+02 -5.647962972952927174e+01
1.611075741683993954e+02 -5.642610349615153353e+01
1.611588678865375641e+02 -5.637255604506445650e+01
1.612100176233152808e+02 -5.631898747873081845e+01
1.612610240169094027e+02 -5.626539789900550659e+01
1.613118877021941557e+02 -5.621178740713975230e+01
1.613626093107588417e+02 -5.615815610378532341e+01
1.614131894709260848e+02 -5.610450408899856711e+01
1.614636288077693109e+02 -5.605083146224455959e+01
1.615139279431310229e+02 -5.599713832240114186e+01
1.615640874956400523e+02 -5.594342476776300543e+01
1.616141080807294657e+02 -5.588969089604564999e+01
1.616639903106540146e+02 -5.583593680438933404e+01
1.617137347945076726e+02 -5.578216258936313920e+01
1.617633421382409153e+02 -5.572836834696870056e+01
1.627890072668579649e+02 -5.602110632542861879e+01
1.638304057702839316e+02 -5.630486256422204150e+01
1.648874332525739703e+02 -5.657940634367319177e+01
1.659599465147464343e+02 -5.684450693913318986e+01
1.670477615668273756e+02 -5.709993427427792057e+01
1.681506517682439323e+02 -5.734545962023250354e+01
1.692683461299577630e+02 -5.758085633856483554e+01
1.704005278130673560e+02 -5.780590066541007843e+01
1.715468328593789238e+02 -5.802037253316085952e+01
1.727068491895611544e+02 -5.822405642529902536e+01
1.738801159038446258e+02 -5.841674225906907481e+01
1.750661229187385288e+02 -5.859822628982156800e+01
1.762643109708252496e+02 -5.876831203000877224e+01
1.774740720153362190e+02 -5.892681117501875576e+01
1.786947500428764215e+02 -5.907354452731355821e+01
1.799256423323827789e+02 -5.920834290971958325e+01
-1.788339988477796396e+02 -5.933104805822820538e+01
-1.775849640856517340e+02 -5.944151348433003790e+01
-1.763280842211601112e+02 -5.953960529674365176e+01
-1.750642273020708899e+02 -5.962520297243391099e+01
-1.737942951196577042e+02 -5.969820006705416660e+01
-1.725192193517542307e+02 -5.975850485540104273e+01
-1.712399573490890248e+02 -5.980604089313873573e+01
-1.699574876085321478e+02 -5.984074749192717491e+01
-1.686728049838804679e+02 -5.986258010115844996e+01
-1.673869156908081663e+02 -5.987151059074810178e+01
-1.661008321674014496e+02 -5.986752743081522254e+01
-1.648155678551053711e+02 -5.985063576557975296e+01
-1.635321319668059630e+02 -5.982085738037422118e+01
-1.622515243090724937e+02 -5.977823056226223031e+01
-1.609747302242996909e+02 -5.972280985634066042e+01
-1.597027157156477983e+02 -5.965466572132990564e+01
-1.584364228133949268e+02 -5.957388408948947500e+01
-1.571767652357575287e+02 -5.948056583719684909e+01
-1.559246243905924985e+02 -5.937482617366823234e+01
-1.546808457569109123e+02 -5.925679395625107304e+01
-1.534462356770671931e+02 -5.912661094146921670e+01
-1.522215585821035972e+02 -5.898443098153777697e+01
-1.510075346642789498e+02 -5.883041917638600182e+01
-1.498048380025610697e+02 -5.866475099133771920e+01
-1.486140951390097769e+02 -5.848761135051012161e+01
-1.474358840967322521e+02 -5.829919371572069053e+01
-1.462707338235894099e+02 -5.809969916025804082e+01
-1.451191240402030189e+02 -5.788933544630183547e+01
-1.439814854661037771e+02 -5.766831611409111957e+01
-1.428582003941338030e+02 -5.743685959017212639e+01
-1.417496035804433916e+02 -5.719518832122489727e+01
-1.406559834155885369e+02 -5.694352793910503863e+01
-1.395775833412674558e+02 -5.668210646185828239e+01
-1.385146034770712902e+02 -5.641115353460035919e+01
-1.374672024221507343e+02 -5.613089971331149997e+01
-1.364354991978364353e+02 -5.584157579379668590e+01
-1.354195752988779589e+02 -5.554341218731499197e+01
-1.344194768229872636e+02 -5.523663834369769887e+01
-1.334352166506801041e+02 -5.492148222215541864e+01
-1.324667766499213712e+02 -5.459816980942939324e+01
-1.315141098827026269e+02 -5.426692468446638173e+01
-1.305771427933436826e+02 -5.392796762839235214e+01
-1.296557773609524986e+02 -5.358151627822514484e+01
-1.287498932010470298e+02 -5.322778482249615450e+01
-1.278593496037934187e+02 -5.286698373673974771e+01
-1.269839874986198254e+02 -5.249931955665538652e+01
-1.261236313371039159e+02 -5.212499468664228175e+01
-1.252780908879820458e+02 -5.174420724134397176e+01
-1.244471629398875621e+02 -5.135715091781875685e+01
-1.236306329089987059e+02 -5.096401489596149759e+01
-1.228282763501468651e+02 -5.056498376483920509e+01
-1.220398603711339263e+02 -5.016023747266352473e+01
-1.212651449510278496e+02 -4.974995129820283779e+01
-1.205038841640581211e+02 -4.933429584152661107e+01
-1.197558273114447047e+02 -4.891343703208103477e+01
-1.190207199640600493e+02 -4.848753615220271485e+01
-1.182983049192768590e+02 -4.805674987429492262e+01
-1.175883230756871001e+02 -4.762123031000595574e+01
-1.168905142296275983e+02 -4.718112506986937404e+01
-1.162046177976001786e+02 -4.673657733198049868e+01
-1.155303734687704207e+02 -4.628772591839901906e+01
-1.148675217917480325e+02 -4.583470537807637157e+01
-1.142158046998389409e+02 -4.537764607521467042e+01
-1.135749659788829149e+02 -4.491667428206194757e+01
-1.129447516817025132e+02 -4.445191227524713184e+01
-1.123249104930557962e+02 -4.398347843484499009e+01
-1.117151940488438981e+02 -4.351148734544796781e+01
-1.111153572131599674e+02 -4.303604989859788077e+01
-1.105251583165970430e+02 -4.255727339600480974e+01
-1.099443593590516457e+02 -4.207526165304616939e+01
-1.093727261800783310e+02 -4.159011510210010698e+01
-1.088100285996681009e+02 -4.110193089532612731e+01
-1.082560405321417534e+02 -4.061080300655369513e+01
-1.077105400756717302e+02 -4.011682233198863656e+01
-1.071733095797727060e+02 -3.962007678948945255e+01
-1.066441356929334177e+02 -3.912065141620210795e+01
-1.061228093924025018e+02 -3.861862846437791319e+01
-1.056091259979873485e+02 -3.811408749522954764e+01
-1.051028851715782082e+02 -3.760710547070713972e+01
-1.046038909039744169e+02 -3.709775684310150012e+01
-1.041119514904567893e+02 -3.658611364240402253e+01
-1.036268794964305471e+02 -3.607224556136995375e+01
-1.031484917143478128e+02 -3.555622003825135380e+01
-1.032180681690732058e+02 -3.551386640553720753e+01
-1.032875712187369004e+02 -3.547147286518975307e+01
-1.033570009865811130e+02 -3.542903952164900971e+01
-1.034263575960032995e+02 -3.538656647914554298e+01
-1.034956411705530286e+02 -3.534405384170054987e+01
-1.035648518339301063e+02 -3.530150171312595830e+01
-1.036339897099813356e+02 -3.525891019702457641e+01
-1.037030549226981293e+02 -3.521627939679017061e+01
-1.037720475962140654e+02 -3.517360941560756515e+01
-1.038409678548018178e+02 -3.513090035645288367e+01
-1.039098158228710531e+02 -3.508815232209348522e+01
-1.039785916249659294e+02 -3.504536541508824143e+01
-1.040472953857618563e+02 -3.500253973778757910e+01
-1.041159272300638463e+02 -3.495967539233368626e+01
-1.041844872828036728e+02 -3.491677248066061878e+01
-1.042529756690371130e+02 -3.487383110449444956e+01
-1.043213925139419018e+02 -3.483085136535338222e+01
-1.043897379428151169e+02 -3.478783336454796427e+01
-1.044580120810706489e+02 -3.474477720318117235e+01
-1.045262150542369000e+02 -3.470168298214863256e+01
-1.045943469879544239e+02 -3.465855080213873407e+01
-1.046624080079734824e+02 -3.461538076363283523e+01
-1.047303982401516578e+02 -3.457217296690534880e+01
-1.047983178104516639e+02 -3.452892751202403332e+01
-1.048661668449385331e+02 -3.448564449885005700e+01
-1.049339454697780525e+02 -3.444232402703828200e+01
-1.050016538112338367e+02 -3.439896619603730699e+01
-1.050692919956654805e+02 -3.435557110508977274e+01
-1.051368601495257451e+02 -3.431213885323247581e+01
-1.052043583993589948e+02 -3.426866953929663850e+01
-1.052717868717985539e+02 -3.422516326190797287e+01
-1.053391456935643475e+02 -3.418162011948701462e+01
-1.054064349914611398e+02 -3.413804021024920843e+01
-1.054736548923760040e+02 -3.409442363220519212e+01
-1.055408055232764184e+02 -3.405077048316098853e+01
-1.056078870112076800e+02 -3.400708086071811920e+01
-1.056748994832913411e+02 -3.396335486227397382e+01
-1.057418430667226232e+02 -3.391959258502186714e+01
-1.058087178887685695e+02 -3.387579412595137995e+01
-1.058755240767657995e+02 -3.383195958184850127e+01
-1.059422617581186898e+02 -3.378808904929586987e+01
-1.060089310602967601e+02 -3.374418262467300167e+01
-1.060755321108333931e+02 -3.370024040415653133e+01
-1.061420650373231354e+02 -3.365626248372039697e+01
-1.062085299674200769e+02 -3.361224895913613864e+01
-1.062749270288358048e+02 -3.356819992597309010e+01
-1.063412563493371579e+02 -3.352411547959859206e+01
-1.064075180567445216e+02 -3.347999571517830475e+01
-1.064737122789299235e+02 -3.343584072767639270e+01
-1.065398391438149019e+02 -3.339165061185578054e+01
-1.066058987793685162e+02 -3.334742546227840165e+01
-1.066718913136058404e+02 -3.330316537330547533e+01
-1.067378168745856044e+02 -3.325887043909771990e+01
-1.068036755904085737e+02 -3.321454075361564406e+01
-1.068694675892157022e+02 -3.317017641061975297e+01
-1.069351929991860004e+02 -3.312577750367087503e+01
-1.070008519485351997e+02 -3.308134412613036091e+01
-1.070664445655133648e+02 -3.303687637116038189e+01
-1.071319709784035581e+02 -3.299237433172420708e+01
-1.071974313155198786e+02 -3.294783810058643070e+01
-1.072628257052054153e+02 -3.290326777031327055e+01
-1.073281542758309399e+02 -3.285866343327284511e+01
-1.073934171557928607e+02 -3.281402518163545068e+01
-1.074586144735117159e+02 -3.276935310737378870e+01
-1.075237463574300705e+02 -3.272464730226332108e+01
-1.075888129360110383e+02 -3.267990785788251173e+01
-1.076538143377370318e+02 -3.263513486561308952e+01
-1.077187506911071182e+02 -3.259032841664040347e+01
-1.077836221246360537e+02 -3.254548860195357207e+01
-1.078484287668527486e+02 -3.250061551234598056e+01
-1.079131707462977943e+02 -3.245570923841538047e+01
-1.079778481915228667e+02 -3.241076987056426617e+01
-1.080424612310884527e+02 -3.236579749900020175e+01
-1.081070099935622864e+02 -3.232079221373601996e+01
-1.081714946075181558e+02 -3.227575410459024141e+01
-1.082359152015338850e+02 -3.223068326118724514e+01
-1.083002719041901400e+02 -3.218557977295771622e+01
-1.083645648440685818e+02 -3.214044372913880920e+01
-1.084287941497505301e+02 -3.209527521877456024e+01
-1.084929599498154573e+02 -3.205007433071609313e+01
-1.085570623728391695e+02 -3.200484115362208115e+01
-1.086211015473927546e+02 -3.195957577595887855e+01
-1.086850776020409057e+02 -3.191427828600096817e+01
-1.087489906653403295e+02 -3.186894877183119235e+01
-1.088128408658385808e+02 -3.182358732134116153e+01
-1.088766283320721584e+02 -3.177819402223144607e+01
-1.089403531925656239e+02 -3.173276896201200614e+01
-1.090040155758298681e+02 -3.168731222800247238e+01
-1.090676156103606900e+02 -3.164182390733241235e+01
-1.091311534246376311e+02 -3.159630408694177817e+01
-1.091946291471221571e+02 -3.155075285358112680e+01
-1.092580429062568896e+02 -3.150517029381196821e+01
-1.093213948304637313e+02 -3.145955649400713838e+01
-1.093846850481428135e+02 -3.141391154035108002e+01
-1.094479136876710186e+02 -3.136823551884017292e+01
-1.095110808774007864e+02 -3.132252851528310700e+01
-1.095741867456586647e+02 -3.127679061530121629e+01
-1.096372314207442002e+02 -3.123102190432869918e+01
-1.097002150309283763e+02 -3.118522246761315131e+01
-1.095498248214893522e+02 -3.103355825121332145e+01
-1.094000215636354767e+02 -3.088164159161891575e+01
-1.092508013280567241e+02 -3.072947450917234491e+01
-1.091021602017805208e+02 -3.057705900724184289e+01
-1.089540942882974264e+02 -3.042439707235779522e+01
-1.088065997076786289e+02 -3.027149067434834251e+01
-1.086596725966865051e+02 -3.011834176647478145e+01
-1.085133091088789854e+02 -2.996495228556659285e+01
-1.083675054147069829e+02 -2.981132415215613563e+01
-1.082222577016049456e+02 -2.965745927061275822e+01
-1.080775621740758652e+02 -2.950335952927648364e+01
-1.079334150537690391e+02 -2.934902680059137126e+01
-1.077898125795531143e+02 -2.919446294123813601e+01
-1.076467510075823668e+02 -2.903966979226651191e+01
-1.075042266113576090e+02 -2.888464917922708253e+01
-1.073622356817812147e+02 -2.872940291230216658e+01
-1.072207745272075385e+02 -2.857393278643665013e+01
-1.070798394734871408e+02 -2.841824058146805854e+01
-1.069394268640065775e+02 -2.826232806225594274e+01
-1.067995330597226200e+02 -2.810619697881069357e+01
-1.066601544391924392e+02 -2.794984906642188704e+01
-1.065212873985980764e+02 -2.779328604578565276e+01
-1.063829283517668784e+02 -2.763650962313192139e+01
-1.062450737301879258e+02 -2.747952149035054958e+01
-1.061077199830229745e+02 -2.732232332511702921e+01
-1.059708635771139313e+02 -2.716491679101720536e+01
-1.058345009969865202e+02 -2.700730353767189840e+01
-1.056986287448490884e+02 -2.684948520086027912e+01
-1.055632433405880590e+02 -2.669146340264274642e+01
-1.054283413217599730e+02 -2.653323975148312286e+01
-1.052939192435787561e+02 -2.637481584236994792e+01
-1.051599736789008546e+02 -2.621619325693739810e+01
-1.050265012182055955e+02 -2.605737356358507029e+01
-1.048934984695733590e+02 -2.589835831759733509e+01
-1.047609620586597430e+02 -2.573914906126182345e+01
-1.046288886286664308e+02 -2.557974732398682249e+01
-1.044972748403102969e+02 -2.542015462241878154e+01
-1.043661173717877659e+02 -2.526037246055817675e+01
-1.042354129187377225e+02 -2.510040232987507736e+01
-1.041051581942006123e+02 -2.494024570942361407e+01
-1.039753499285760086e+02 -2.477990406595620243e+01
-1.038459848695763981e+02 -2.461937885403646220e+01
-1.037170597821790352e+02 -2.445867151615158974e+01
-1.035885714485754079e+02 -2.429778348282399492e+01
-1.034605166681178616e+02 -2.413671617272194680e+01
-1.033328922572649162e+02 -2.397547099276966520e+01
-1.032056950495228875e+02 -2.381404933825659498e+01
-1.030789218953868840e+02 -2.365245259294578162e+01
-1.029525696622785063e+02 -2.349068212918135856e+01
-1.028266352344825236e+02 -2.332873930799565798e+01
-1.027011155130808788e+02 -2.316662547921511006e+01
-1.025760074158853286e+02 -2.300434198156556320e+01
-1.024513078773677535e+02 -2.284189014277673380e+01
-1.023270138485895018e+02 -2.267927127968597034e+01
-1.022031222971282318e+02 -2.251648669834108674e+01
-1.020796302070035608e+02 -2.235353769410258096e+01
-1.019565345786013495e+02 -2.219042555174489451e+01
-1.018338324285959970e+02 -2.202715154555701105e+01
-1.017115207898714857e+02 -2.186371693944220240e+01
-1.015895967114411746e+02 -2.170012298701707820e+01
-1.014680572583664002e+02 -2.153637093170976868e+01
-1.013468995116729161e+02 -2.137246200685734721e+01
-1.012261205682672767e+02 -2.120839743580254932e+01
-1.011057175408512308e+02 -2.104417843198962856e+01
-1.009856875578352629e+02 -2.087980619905951229e+01
-1.008660277632507700e+02 -2.071528193094413339e+01
-1.007467353166617841e+02 -2.055060681196007266e+01
-1.006278073930748747e+02 -2.038578201690135927e+01
-1.005092411828488252e+02 -2.022080871113159262e+01
-1.003910338916030014e+02 -2.005568805067522220e+01
-1.002731827401245255e+02 -1.989042118230817735e+01
-1.001556849642754514e+02 -1.972500924364767627e+01
-1.000385378148984614e+02 -1.955945336324131745e+01
-9.992173855772176694e+01 -1.939375466065543563e+01
-9.980528447326383912e+01 -1.922791424656271175e+01
-9.968917285673671813e+01 -1.906193322282906877e+01
-9.957340101794937937e+01 -1.889581268259982139e+01
-9.945796628120956484e+01 -1.872955371038508687e+01
-9.934286598522606937e+01 -1.856315738214457411e+01
-9.922809748300966248e+01 -1.839662476537146674e+01
-9.911365814177355560e+01 -1.822995691917582306e+01
-9.899954534283386920e+01 -1.806315489436711985e+01
-9.888575648150901998e+01 -1.789621973353609619e+01
-9.877228896701888061e+01 -1.772915247113600401e+01
-9.865914022238354164e+01 -1.756195413356303803e+01
-9.854630768432173227e+01 -1.739462573923621846e+01
-9.843378880314850221e+01 -1.722716829867640342e+01
-9.832158104267318777e+01 -1.705958281458484294e+01
-9.820968188009618416e+01 -1.689187028192088391e+01
-9.809808880590600211e+01 -1.672403168797909601e+01
-9.798679932377626756e+01 -1.655606801246568693e+01
-9.787581095046147084e+01 -1.638798022757431028e+01
-9.776512121569345481e+01 -1.621976929806117695e+01
-9.765472766207722088e+01 -1.605143618131952010e+01
-9.754462784498639394e+01 -1.588298182745344356e+01
-9.743481933245891469e+01 -1.571440717935113618e+01
-9.732529970509210671e+01 -1.554571317275738274e+01
-9.721606655593791402e+01 -1.537690073634551347e+01
-9.710711749039785445e+01 -1.520797079178874434e+01
-9.704486853151183823e+01 -1.524527821995175714e+01
-9.698259748004073799e+01 -1.528256848433357362e+01
-9.692030428163991473e+01 -1.531984153478077815e+01
-9.685798888200031342e+01 -1.535709732109826220e+01
-9.679565122684925882e+01 -1.539433579304921906e+01
-9.673329126195034178e+01 -1.543155690035501770e+01
-9.667090893310364663e+01 -1.546876059269517434e+01
-9.660850418614637647e+01 -1.550594681970726896e+01
-9.654607696695273944e+01 -1.554311553098689735e+01
-9.648362722143463088e+01 -1.558026667608762317e+01
-9.642115489554163332e+01 -1.561740020452086952e+01
-9.635865993526147122e+01 -1.565451606575589238e+01
-9.629614228662001096e+01 -1.569161420921971306e+01
-9.623360189568194301e+01 -1.572869458429705958e+01
-9.617103870855083869e+01 -1.576575714033029918e+01
-9.610845267136954817e+01 -1.580280182661938149e+01
-9.604584373032031408e+01 -1.583982859242177277e+01
-9.598321183162528314e+01 -1.587683738695240621e+01
-9.592055692154679036e+01 -1.591382815938363748e+01
-9.585787894638735906e+01 -1.595080085884513821e+01
-9.579517785249043982e+01 -1.598775543442391545e+01
-9.573245358624058099e+01 -1.602469183516417672e+01
-9.566970609406325821e+01 -1.606161001006730160e+01
-9.560693532242601123e+01 -1.609850990809181681e+01
-9.554414121783798919e+01 -1.613539147815329500e+01
-9.548132372685068958e+01 -1.617225466912434584e+01
-9.541848279605841299e+01 -1.620909942983449170e+01
-9.535561837209797886e+01 -1.624592570907020672e+01
-9.529273040164940767e+01 -1.628273345557479246e+01
-9.522981883143654613e+01 -1.631952261804832816e+01
-9.516688360822661252e+01 -1.635629314514768140e+01
-9.510392467883139034e+01 -1.639304498548636957e+01
-9.504094199010660304e+01 -1.642977808763456693e+01
-9.497793548895333515e+01 -1.646649240011905846e+01
-9.491490512231723642e+01 -1.650318787142313681e+01
-9.485185083718977239e+01 -1.653986444998660232e+01
-9.478877258060782651e+01 -1.657652208420569195e+01
-9.472567029965466645e+01 -1.661316072243304021e+01
-9.466254394145965989e+01 -1.664978031297761873e+01
-9.459939345319918402e+01 -1.668638080410469371e+01
-9.453621878209645502e+01 -1.672296214403580095e+01
-9.447301987542226698e+01 -1.675952428094865354e+01
-9.440979668049504880e+01 -1.679606716297713476e+01
-9.434654914468126208e+01 -1.683259073821122698e+01
-9.428327721539596951e+01 -1.686909495469701525e+01
-9.421998084010272123e+01 -1.690557976043655941e+01
-9.415665996631446433e+01 -1.694204510338793312e+01
-9.409331454159331543e+01 -1.697849093146513511e+01
-9.402994451355129968e+01 -1.701491719253803936e+01
-9.396654982985063498e+01 -1.705132383443240229e+01
-9.390313043820395933e+01 -1.708771080492976679e+01
-9.383968628637467191e+01 -1.712407805176746933e+01
-9.377621732217750150e+01 -1.716042552263852627e+01
-9.371272349347856334e+01 -1.719675316519171204e+01
-9.364920474819604124e+01 -1.723306092703139214e+01
-9.358566103430024441e+01 -1.726934875571755157e+01
-9.352209229981428962e+01 -1.730561659876578773e+01
-9.345849849281387378e+01 -1.734186440364720383e+01
-9.339487956142835401e+01 -1.737809211778839114e+01
-9.333123545384080444e+01 -1.741429968857142185e+01
-9.326756611828818677e+01 -1.745048706333380650e+01
-9.320387150306203239e+01 -1.748665418936842642e+01
-9.314015155650855604e+01 -1.752280101392353018e+01
-9.307640622702933797e+01 -1.755892748420268035e+01
-9.301263546308126706e+01 -1.759503354736474989e+01
-9.294883921317727982e+01 -1.763111915052386180e+01
-9.288501742588675825e+01 -1.766718424074937488e+01
-9.282117004983547304e+01 -1.770322876506581267e+01
-9.275729703370643620e+01 -1.773925267045290255e+01
-9.269339832624007158e+01 -1.777525590384549048e+01
-9.262947387623461282e+01 -1.781123841213353032e+01
-9.256552363254638749e+01 -1.784720014216206252e+01
-9.250154754409049929e+01 -1.788314104073115018e+01
-9.243754555984094168e+01 -1.791906105459591103e+01
-9.237351762883110950e+01 -1.795496013046643924e+01
-9.230946370015414004e+01 -1.799083821500779479e+01
-9.224538372296319721e+01 -1.802669525484001056e+01
-9.218127764647232425e+01 -1.806253119653801065e+01
-9.211714541995604577e+01 -1.809834598663162453e+01
-9.205298699275084573e+01 -1.813413957160555512e+01
-9.198880231425431475e+01 -1.816991189789934680e+01
-9.192459133392657122e+01 -1.820566291190738184e+01
-9.186035400129026129e+01 -1.824139255997885201e+01
-9.179609026593078625e+01 -1.827710078841771235e+01
-9.173180007749715514e+01 -1.831278754348271676e+01
-9.166748338570198484e+01 -1.834845277138733266e+01
-9.160314014032218211e+01 -1.838409641829977303e+01
-9.153877029119922781e+01 -1.841971843034296086e+01
-9.147437378823957488e+01 -1.845531875359449714e+01
-9.140995058141510299e+01 -1.849089733408668579e+01
-9.134550062076357335e+01 -1.852645411780646967e+01
-9.128102385638902661e+01 -1.856198905069543770e+01
-9.121652023846223756e+01 -1.859750207864981419e+01
-9.115198971722088572e+01 -1.863299314752045177e+01
-9.108743224297035113e+01 -1.866846220311278870e+01
-9.102284776608399852e+01 -1.870390919118686313e+01
-9.095823623700357530e+01 -1.873933405745729530e+01
-9.089359760623955253e+01 -1.877473674759328048e+01
-9.082893182437175028e+01 -1.881011720721856761e+01
-9.056319696478578862e+01 -1.837314977383780246e+01
-9.029901769466925998e+01 -1.793569982139607433e+01
-9.003635335483193103e+01 -1.749777941920810420e+01
-8.977516389058484947e+01 -1.705940041482593728e+01
-8.951540983375247151e+01 -1.662057444107419713e+01
-8.925705228497588450e+01 -1.618131292290297196e+01
-8.900005289630274774e+01 -1.574162708406471189e+01
-8.874437385405752821e+01 -1.530152795362130291e+01
-8.848997786198634685e+01 -1.486102637228718493e+01
-8.823682812467137637e+01 -1.442013299861468134e+01
-8.798488833120575237e+01 -1.397885831502695630e+01
-8.773412263912535991e+01 -1.353721263370433370e+01
-8.748449565858766164e+01 -1.309520610232937088e+01
-8.723597243679421354e+01 -1.265284870969597186e+01
-8.698851844264532929e+01 -1.221015029118767004e+01
-8.674209955162353936e+01 -1.176712053413012704e+01
-8.649668203089674989e+01 -1.132376898302276835e+01
-8.625223252463331391e+01 -1.088010504465430550e+01
-8.600871803952242090e+01 -1.043613799310674217e+01
-8.576610593049161935e+01 -9.991876974652589283e+00
-8.552436388661448063e+01 -9.547331012549564733e+00
-8.528345991719976382e+01 -9.102509011737115685e+00
-8.504336233805497614e+01 -8.657419763439161642e+00
-8.480403975791642779e+01 -8.212071949676989391e+00
-8.456546106503844840e+01 -7.766474147696515118e+00
-8.432759541393221525e+01 -7.320634834313799466e+00
-8.409041221224936180e+01 -6.874562390182645366e+00
-8.385388110779877024e+01 -6.428265103988245244e+00
-8.361797197569171658e+01 -5.981751176570385908e+00
-8.338265490560644366e+01 -5.535028724980052495e+00
-8.314790018916289682e+01 -5.088105786472917558e+00
-8.291367830740227873e+01 -4.640990322443257377e+00
-8.267995991836062331e+01 -4.193690222301762915e+00
-8.244671584473087478e+01 -3.746213307300686246e+00
-8.221391706160346757e+01 -3.298567334309627785e+00
-8.198153468427869939e+01 -2.850759999545322998e+00
-8.174953995614231417e+01 -2.402798942258663306e+00
-8.151790423659605267e+01 -1.954691748382199057e+00
-8.128659898903492831e+01 -1.506445954141323762e+00
-8.105559576886400919e+01 -1.058069049632264003e+00
-8.082486621154498607e+01 -6.095684823700103783e-01
-8.059438202066576196e+01 -1.609516608094243295e-01
-8.036411495602328614e+01 2.877740421576592822e-01
-8.013403682171269793e+01 7.366012857260073599e-01
-7.990411945421305973e+01 1.185522757718293185e+00
-7.967433471046217619e+01 1.634531171141070383e+00
-7.944465445591117714e+01 2.083619260752478830e+00
-7.921505055255033767e+01 2.532779779638364648e+00
-7.898549484689863220e+01 2.982005495794183503e+00
-7.875595915794554003e+01 3.431289188709160776e+00
-7.852641526503862224e+01 3.880623645950120881e+00
-7.829683489570703614e+01 4.330001659741587794e+00
-7.806718971341103952e+01 4.779416023539196701e+00
-7.783745130520946987e+01 5.228859528593261530e+00
-7.760759116933485302e+01 5.678324960499452345e+00
-7.737758070266653476e+01 6.127805095733311447e+00
-7.714739118809336560e+01 6.577292698165408069e+00
-7.691699378175405855e+01 7.026780515553988415e+00
-7.668635950014726177e+01 7.476261276011739731e+00
-7.645545920709918164e+01 7.925727684443379495e+00
-7.622426360058062755e+01 8.375172418950626252e+00
-7.599274319935983613e+01 8.824588127201250742e+00
-7.576086832948396932e+01 9.273967422758467194e+00
-7.552860911057501880e+01 9.723302881367352768e+00
-7.529593544193051002e+01 1.017258703719443425e+01
-7.506281698841780781e+01 1.062181237901678266e+01
-7.482922316614900637e+01 1.107097134635690949e+01
-7.459512312792605826e+01 1.152005632555937531e+01
-7.436048574844221548e+01 1.196905964580526316e+01
-7.412527960922898274e+01 1.241797357506033528e+01
-7.388947298333448543e+01 1.286679031595273948e+01
-7.365303381972057650e+01 1.331550200157580477e+01
-7.341592972736634692e+01 1.376410069121176782e+01
-7.317812795906218071e+01 1.421257836597140134e+01
-7.293959539488236032e+01 1.466092692434536637e+01
-7.270029852532064751e+01 1.510913817766204126e+01
-7.246020343407485598e+01 1.555720384544700607e+01
-7.221927578046506824e+01 1.600511555067898684e+01
-7.197748078146940998e+01 1.645286481493695518e+01
-7.173478319336288678e+01 1.690044305343285203e+01
-7.149114729294200288e+01 1.734784156992428095e+01
-7.124653685831862049e+01 1.779505155150132367e+01
-7.100091514926702985e+01 1.824206406324126561e+01
-7.075424488710535798e+01 1.868887004272516705e+01
-7.050648823409454735e+01 1.913546029440951912e+01
-7.025760677233574825e+01 1.958182548384645116e+01
-7.000756148214912855e+01 2.002795613174535916e+01
-6.975631271991181848e+01 2.047384260786878230e+01
-6.950382019533873290e+01 2.091947512475494264e+01
-6.925004294818398876e+01 2.136484373125925629e+01
-6.899493932434370436e+01 2.180993830590664118e+01
-6.873846695133750018e+01 2.225474855004625852e+01
-6.848058271314988588e+01 2.269926398079998009e+01
-6.822124272440731829e+01 2.314347392379556823e+01
-6.796040230386955727e+01 2.358736750567506846e+01
-6.769801594721292304e+01 2.403093364636879770e+01
-6.743403729908249034e+01 2.447416105112474582e+01
-6.716841912438792406e+01 2.491703820228273258e+01
-6.690111327882220849e+01 2.535955335078257988e+01
-6.684230690624247018e+01 2.533042277577229484e+01
-6.678352884303825476e+01 2.530126887180916384e+01
-6.672477906096287370e+01 2.527209168079533086e+01
-6.666605753168579440e+01 2.524289124460197442e+01
-6.660736422679252655e+01 2.521366760506912996e+01
-6.654869911778507685e+01 2.518442080400575733e+01
-6.649006217608285851e+01 2.515515088318965198e+01
-6.643145337302235021e+01 2.512585788436736678e+01
-6.637287267985806238e+01 2.509654184925416942e+01
-6.631432006776259414e+01 2.506720281953399976e+01
-6.625579550782737215e+01 2.503784083685942008e+01
-6.619729897106270755e+01 2.500845594285152984e+01
-6.613883042839830750e+01 2.497904817909997277e+01
-6.608038985068395732e+01 2.494961758716282674e+01
-6.602197720868946362e+01 2.492016420856661085e+01
-6.596359247310516594e+01 2.489068808480617889e+01
-6.590523561454273249e+01 2.486118925734474061e+01
-6.584690660353504654e+01 2.483166776761372674e+01
-6.578860541053666111e+01 2.480212365701283161e+01
-6.573033200592459480e+01 2.477255696690990305e+01
-6.567208635999833177e+01 2.474296773864092813e+01
-6.561386844298027654e+01 2.471335601350996214e+01
-6.555567822501626551e+01 2.468372183278911436e+01
-6.549751567617590808e+01 2.465406523771850900e+01
-6.543938076645281399e+01 2.462438626950619991e+01
-6.538127346576510490e+01 2.459468496932815285e+01
-6.532319374395603973e+01 2.456496137832819926e+01
-6.526514157079401457e+01 2.453521553761800433e+01
-6.520711691597296067e+01 2.450544748827703501e+01
-6.514911974911308334e+01 2.447565727135247116e+01
-6.509115003976086200e+01 2.444584492785923402e+01
-6.503320775738944803e+01 2.441601049877989027e+01
-6.497529287139963117e+01 2.438615402506463781e+01
-6.491740535111921417e+01 2.435627554763126312e+01
-6.485954516580426343e+01 2.432637510736511643e+01
-6.480171228463893840e+01 2.429645274511907616e+01
-6.474390667673634425e+01 2.426650850171344231e+01
-6.468612831113841821e+01 2.423654241793603248e+01
-6.462837715681649797e+01 2.420655453454203254e+01
-6.457065318267183329e+01 2.417654489225400738e+01
-6.451295635753575652e+01 2.414651353176186888e+01
-6.445528665017002368e+01 2.411646049372284395e+01
-6.439764402926749653e+01 2.408638581876141060e+01
-6.434002846345208582e+01 2.405628954746931569e+01
-6.428243992127937645e+01 2.402617172040549320e+01
-6.422487837123702548e+01 2.399603237809607492e+01
-6.416734378174487574e+01 2.396587156103432648e+01
-6.410983612115558117e+01 2.393568930968065089e+01
-6.405235535775472044e+01 2.390548566446251399e+01
-6.399490145976142230e+01 2.387526066577445505e+01
-6.393747439532859289e+01 2.384501435397806546e+01
-6.388007413254308631e+01 2.381474676940189639e+01
-6.382270063942644356e+01 2.378445795234151561e+01
-6.376535388393489256e+01 2.375414794305941513e+01
-6.370803383395997344e+01 2.372381678178501829e+01
-6.365074045732876584e+01 2.369346450871464782e+01
-6.359347372180394586e+01 2.366309116401149382e+01
-6.353623359508486601e+01 2.363269678780559246e+01
-6.347902004480710048e+01 2.360228142019380115e+01
-6.342183303854346832e+01 2.357184510123980203e+01
-6.336467254380386294e+01 2.354138787097401320e+01
-6.330753852803576365e+01 2.351090976939363486e+01
-6.325043095862486098e+01 2.348041083646258897e+01
-6.319334980289494297e+01 2.344989111211148014e+01
-6.313629502810840677e+01 2.341935063623767022e+01
-6.307926660146682707e+01 2.338878944870511489e+01
-6.302226449011101295e+01 2.335820758934446673e+01
-6.296528866112151945e+01 2.332760509795298276e+01
-6.290833908151870446e+01 2.329698201429453874e+01
-6.285141571826352447e+01 2.326633837809958649e+01
-6.279451853825742091e+01 2.323567422906516100e+01
-6.273764750834300230e+01 2.320498960685488399e+01
-6.268080259530421472e+01 2.317428455109883600e+01
-6.262398376586628501e+01 2.314355910139369854e+01
-6.256719098669708501e+01 2.311281329730262613e+01
-6.251042422440633572e+01 2.308204717835524988e+01
-6.245368344554668738e+01 2.305126078404769174e+01
-6.239696861661360572e+01 2.302045415384252181e+01
-6.234027970404588359e+01 2.298962732716877255e+01
-6.228361667422615255e+01 2.295878034342189267e+01
-6.222697949348082602e+01 2.292791324196374347e+01
-6.217036812808055402e+01 2.289702606212263802e+01
-6.211378254424079159e+01 2.286611884319321675e+01
-6.205722270812179886e+01 2.283519162443654338e+01
-6.200068858582903886e+01 2.280424444508005877e+01
-6.194418014341363232e+01 2.277327734431751693e+01
-6.188769734687269874e+01 2.274229036130905968e+01
-6.183124016214912899e+01 2.271128353518117748e+01
-6.177480855513283586e+01 2.268025690502666336e+01
-6.171840249166018566e+01 2.264921050990463769e+01
-6.166202193751490768e+01 2.261814438884053402e+01
-6.160566685842815104e+01 2.258705858082608842e+01
-6.154933722007871211e+01 2.255595312481936432e+01
-6.149303298809337548e+01 2.252482805974464952e+01
-6.143675412804776670e+01 2.249368342449258762e+01
-6.138050060546567011e+01 2.246251925792002879e+01
-6.132427238582005202e+01 2.243133559885015771e+01
-6.126806943453334497e+01 2.240013248607238339e+01
-6.121189171697733400e+01 2.236890995834238893e+01
-6.149198012940314584e+01 2.193637934252203792e+01
-6.177015481658008866e+01 2.150325805005596180e+01
-6.204646210402910356e+01 2.106956025685724043e+01
-6.232094755394643926e+01 2.063529985172675296e+01
-6.259365598572435374e+01 2.020049044514238190e+01
-6.286463149615570956e+01 1.976514537780752079e+01
-6.313391747932087128e+01 1.932927772896653096e+01
-6.340155664615991782e+01 1.889290032449471113e+01
-6.366759104373244327e+01 1.845602574477038260e+01
-6.393206207416722009e+01 1.801866633233607828e+01
-6.419501051330644259e+01 1.758083419935616121e+01
-6.445647652904705183e+01 1.714254123487743087e+01
-6.471649969938533786e+01 1.670379911189977307e+01
-6.497511903016788892e+01 1.626461929426312025e+01
-6.523237297255633393e+01 1.582501304335721137e+01
-6.548829944020928906e+01 1.538499142466040048e+01
-6.574293582618884102e+01 1.494456531411343114e+01
-6.599631901959770630e+01 1.450374540433415582e+01
-6.624848542195206846e+01 1.406254221067903742e+01
-6.649947096329907481e+01 1.362096607715679752e+01
-6.674931111808297146e+01 1.317902718219987790e+01
-6.699804092076999495e+01 1.273673554429890586e+01
-6.724569498123560152e+01 1.229410102750537348e+01
-6.749230749992426581e+01 1.185113334680770159e+01
-6.773791228278798826e+01 1.140784207338528766e+01
-6.798254275601021845e+01 1.096423663974572982e+01
-6.822623198052394855e+01 1.052032634474967487e+01
-6.846901266633102523e+01 1.007612035852787180e+01
-6.871091718662972880e+01 9.631627727294942432e+00
-6.895197759176005547e+01 9.186857378064289037e+00
-6.919222562297181867e+01 8.741818123268210172e+00
-6.943169272602585806e+01 8.296518665287527128e+00
-6.967041006463495023e+01 7.850967600894808385e+00
-6.990840853375158304e+01 7.405173425615045879e+00
-7.014571877271242784e+01 6.959144538007755010e+00
-7.038237117824536426e+01 6.512889243874332657e+00
-7.061839591734803889e+01 6.066415760394344936e+00
-7.085382294004620007e+01 5.619732220194466166e+00
-7.108868199203811855e+01 5.172846675353705237e+00
-7.132300262723504147e+01 4.725767101348246513e+00
-7.155681422020455784e+01 4.278501400939782151e+00
-7.179014597852466295e+01 3.831057408010236198e+00
-7.202302695505767360e+01 3.383442891346745363e+00
-7.225548606015024689e+01 2.935665558379883855e+00
-7.248755207376996168e+01 2.487733058878555337e+00
-7.271925365758409043e+01 2.039652988604706341e+00
-7.295061936699062244e+01 1.591432892931191834e+00
-7.318167766310830302e+01 1.143080270425804512e+00
-7.341245692473523832e+01 6.946025764046623863e-01
-7.364298546028277315e+01 2.460072264581408263e-01
-7.387329151969493068e+01 -2.026984000476769188e-01
-7.410340330635926875e+01 -6.515069564908669841e-01
-7.433334898902057830e+01 -1.100411125531919554e+00
-7.456315671370231257e+01 -1.549403615667126699e+00
-7.479285461564882098e+01 -1.998477157794268155e+00
-7.502247083129191196e+01 -2.447624501787402096e+00
-7.525203351025510301e+01 -2.896838413077903684e+00
-7.548157082740141277e+01 -3.346111669238430064e+00
-7.571111099493458596e+01 -3.795437056567061873e+00
-7.594068227456352815e+01 -4.244807366668288395e+00
-7.617031298973699904e+01 -4.694215393028003724e+00
-7.640003153796101287e+01 -5.143653927579122431e+00
-7.662986640320468723e+01 -5.593115757255004539e+00
-7.685984616840704575e+01 -6.042593660527184163e+00
-7.708999952809324441e+01 -6.492080403924552989e+00
-7.732035530110960053e+01 -6.941568738530436100e+00
-7.755094244348850907e+01 -7.391051396454584754e+00
-7.778179006145262520e+01 -7.840521087276485446e+00
-7.801292742456911355e+01 -8.289970494456881056e+00
-7.824438397906374121e+01 -8.739392271713777305e+00
-7.847618936130731981e+01 -9.188779039359705081e+00
-7.870837341148296673e+01 -9.638123380596571366e+00
-7.894096618744777061e+01 -1.008741783776431156e+01
-7.917399797879841117e+01 -1.053665490853999565e+01
-7.940749932115397769e+01 -1.098582704208315342e+01
-7.964150101066593379e+01 -1.143492663512383700e+01
-7.987603411876983728e+01 -1.188394602798910427e+01
-8.011113000718927424e+01 -1.233287750056415888e+01
-8.034682034320519506e+01 -1.278171326818366715e+01
-8.058313711520463585e+01 -1.323044547744913402e+01
-8.082011264852070553e+01 -1.367906620196789369e+01
-8.105777962157861793e+01 -1.412756743800917114e+01
-8.129617108236095646e+01 -1.457594110007241461e+01
-8.153532046520740550e+01 -1.502417901636329134e+01
-8.177526160796196564e+01 -1.547227292417217726e+01
-8.201602876948481935e+01 -1.592021446515017757e+01
-8.225765664754214868e+01 -1.636799518047724789e+01
-8.250018039709129880e+01 -1.681560650591700679e+01
-8.274363564897612378e+01 -1.726303976675270491e+01
-8.298805852905019265e+01 -1.771028617259826987e+01
-8.323348567774382900e+01 -1.815733681207861494e+01
-8.347995427009300329e+01 -1.860418264737288752e+01
-8.372750203624752885e+01 -1.905081450861408854e+01
-8.397616728247669471e+01 -1.949722308813851157e+01
-8.422598891269166188e+01 -1.994339893457803825e+01
-8.447700645050269941e+01 -2.038933244678792533e+01
-8.472926006183132586e+01 -2.083501386760286778e+01
-8.498279057809759252e+01 -2.128043327741340462e+01
-8.523763952000263089e+01 -2.172558058755472743e+01
-8.517046704137675306e+01 -2.175884469737651017e+01
-8.510326343686625705e+01 -2.179208168126069012e+01
-8.503602866503581481e+01 -2.182529148089596305e+01
-8.496876268456520620e+01 -2.185847403792812216e+01
-8.490146545424977376e+01 -2.189162929396011847e+01
-8.483413693300087743e+01 -2.192475719055208572e+01
-8.476677707984686094e+01 -2.195785766922149307e+01
-8.469938585393316544e+01 -2.199093067144314162e+01
-8.463196321452329585e+01 -2.202397613864930648e+01
-8.456450912099933248e+01 -2.205699401222977230e+01
-8.449702353286249945e+01 -2.208998423353192919e+01
-8.442950640973373311e+01 -2.212294674386083670e+01
-8.436195771135447785e+01 -2.215588148447933392e+01
-8.429437739758714088e+01 -2.218878839660809987e+01
-8.422676542841554692e+01 -2.222166742142572105e+01
-8.415912176394596145e+01 -2.225451850006882637e+01
-8.409144636440743170e+01 -2.228734157363212987e+01
-8.402373919015252568e+01 -2.232013658316852300e+01
-8.395600020165767319e+01 -2.235290346968916708e+01
-8.388822935952424587e+01 -2.238564217416357138e+01
-8.382042662447889825e+01 -2.241835263751972462e+01
-8.375259195737407936e+01 -2.245103480064415891e+01
-8.368472531918911272e+01 -2.248368860438199945e+01
-8.361682667103019639e+01 -2.251631398953715291e+01
-8.354889597413148294e+01 -2.254891089687228956e+01
-8.348093318985581845e+01 -2.258147926710903874e+01
-8.341293827969485619e+01 -2.261401904092803505e+01
-8.334491120527013663e+01 -2.264653015896901778e+01
-8.327685192833359906e+01 -2.267901256183095526e+01
-8.320876041076815000e+01 -2.271146619007209821e+01
-8.314063661458845900e+01 -2.274389098421016087e+01
-8.307248050194129974e+01 -2.277628688472231744e+01
-8.300429203510663001e+01 -2.280865383204540109e+01
-8.293607117649776228e+01 -2.284099176657598917e+01
-8.286781788866255738e+01 -2.287330062867045299e+01
-8.279953213428342451e+01 -2.290558035864512476e+01
-8.273121387617868550e+01 -2.293783089677638998e+01
-8.266286307730246108e+01 -2.297005218330079401e+01
-8.259447970074609202e+01 -2.300224415841515579e+01
-8.252606370973819594e+01 -2.303440676227668504e+01
-8.245761506764569049e+01 -2.306653993500307820e+01
-8.238913373797419126e+01 -2.309864361667267474e+01
-8.232061968436892130e+01 -2.313071774732451402e+01
-8.225207287061516581e+01 -2.316276226695852003e+01
-8.218349326063912486e+01 -2.319477711553554045e+01
-8.211488081850831122e+01 -2.322676223297757048e+01
-8.204623550843263047e+01 -2.325871755916777062e+01
-8.197755729476443776e+01 -2.329064303395066204e+01
-8.190884614200001579e+01 -2.332253859713220123e+01
-8.184010201477957480e+01 -2.335440418847997179e+01
-8.177132487788793469e+01 -2.338623974772321290e+01
-8.170251469625594609e+01 -2.341804521455303956e+01
-8.163367143496020617e+01 -2.344982052862252786e+01
-8.156479505922436601e+01 -2.348156562954685711e+01
-8.149588553441952854e+01 -2.351328045690341995e+01
-8.142694282606515799e+01 -2.354496495023199998e+01
-8.135796689982942098e+01 -2.357661904903486416e+01
-8.128895772153026655e+01 -2.360824269277689780e+01
-8.121991525713593774e+01 -2.363983582088579638e+01
-8.115083947276531262e+01 -2.367139837275213665e+01
-8.108173033468932545e+01 -2.370293028772956490e+01
-8.101258780933102344e+01 -2.373443150513489996e+01
-8.094341186326664683e+01 -2.376590196424830737e+01
-8.087420246322591311e+01 -2.379734160431343426e+01
-8.080495957609338120e+01 -2.382875036453753026e+01
-8.073568316890816732e+01 -2.386012818409164993e+01
-8.066637320886565021e+01 -2.389147500211073805e+01
-8.059702966331758489e+01 -2.392279075769380370e+01
-8.052765249977295525e+01 -2.395407538990408725e+01
-8.045824168589859937e+01 -2.398532883776920599e+01
-8.038879718952000530e+01 -2.401655104028126786e+01
-8.031931897862205005e+01 -2.404774193639710234e+01
-8.024980702134968169e+01 -2.407890146503833151e+01
-8.018026128600837410e+01 -2.411002956509160811e+01
-8.011068174106526385e+01 -2.414112617540869721e+01
-8.004106835514949125e+01 -2.417219123480668941e+01
-7.997142109705316670e+01 -2.420322468206815714e+01
-7.990173993573210964e+01 -2.423422645594128966e+01
-7.983202484030613277e+01 -2.426519649514010268e+01
-7.976227578006029262e+01 -2.429613473834455206e+01
-7.969249272444517374e+01 -2.432704112420071141e+01
-7.962267564307813927e+01 -2.435791559132101369e+01
-7.955282450574344466e+01 -2.438875807828429032e+01
-7.948293928239320394e+01 -2.441956852363608022e+01
-7.941301994314841295e+01 -2.445034686588868311e+01
-7.934306645829906302e+01 -2.448109304352144022e+01
-7.927307879830556203e+01 -2.451180699498081239e+01
-7.920305693379884815e+01 -2.454248865868063945e+01
-7.913300083558135611e+01 -2.457313797300224678e+01
-7.906291047462798360e+01 -2.460375487629469404e+01
-7.899278582208637545e+01 -2.463433930687489948e+01
-7.892262684927800365e+01 -2.466489120302786020e+01
-7.885243352769873582e+01 -2.469541050300682627e+01
-7.878220582901951730e+01 -2.472589714503347835e+01
-7.871194372508733750e+01 -2.475635106729810175e+01
-7.864164718792574149e+01 -2.478677220795982095e+01
-7.857131618973568266e+01 -2.481716050514675231e+01
-7.850095070289620480e+01 -2.484751589695621732e+01
-7.843055069996512429e+01 -2.487783832145490237e+01
-7.852462217004404010e+01 -2.505758491749909922e+01
-7.861884833126811145e+01 -2.523732437704948595e+01
-7.871323172084851194e+01 -2.541705620175939018e+01
-7.880777489532925983e+01 -2.559677989066106818e+01
-7.890248043089405883e+01 -2.577649494010878684e+01
-7.899735092367660627e+01 -2.595620084372085756e+01
-7.909238899007641521e+01 -2.613589709232127234e+01
-7.918759726707821756e+01 -2.631558317388030943e+01
-7.928297841257614209e+01 -2.649525857345446767e+01
-7.937853510570221260e+01 -2.667492277312564752e+01
-7.947427004715984822e+01 -2.685457525193943695e+01
-7.957018595956151330e+01 -2.703421548584263689e+01
-7.966628558777148328e+01 -2.721384294761987732e+01
-7.976257169925361268e+01 -2.739345710682948365e+01
-7.985904708442359379e+01 -2.757305742973834839e+01
-7.995571455700707020e+01 -2.775264337925595370e+01
-8.005257695440144516e+01 -2.793221441486750933e+01
-8.014963713804456802e+01 -2.811176999256610998e+01
-8.024689799378802491e+01 -2.829130956478395476e+01
-8.034436243227509067e+01 -2.847083258032260034e+01
-8.044203338932550196e+01 -2.865033848428222996e+01
-8.053991382632528939e+01 -2.882982671798988150e+01
-8.063800673062166879e+01 -2.900929671892668793e+01
-8.073631511592503784e+01 -2.918874792065396662e+01
-8.083484202271574759e+01 -2.936817975273840275e+01
-8.093359051865752463e+01 -2.954759164067592536e+01
-8.103256369901669132e+01 -2.972698300581462050e+01
-8.113176468708786615e+01 -2.990635326527645788e+01
-8.123119663462603057e+01 -3.008570183187778824e+01
-8.133086272228467806e+01 -3.026502811404873228e+01
-8.143076616006095492e+01 -3.044433151575134033e+01
-8.153091018774750864e+01 -3.062361143639640915e+01
-8.163129807539064586e+01 -3.080286727075920084e+01
-8.173193312375616415e+01 -3.098209840889372657e+01
-8.183281866480155031e+01 -3.116130423604574418e+01
-8.193395806215602306e+01 -3.134048413256449805e+01
-8.203535471160716952e+01 -3.151963747381293146e+01
-8.213701204159571034e+01 -3.169876363007666953e+01
-8.223893351371771132e+01 -3.187786196647137515e+01
-8.234112262323390041e+01 -3.205693184284879749e+01
-8.244358289958785235e+01 -3.223597261370131406e+01
-8.254631790693133553e+01 -3.241498362806483868e+01
-8.264933124465807168e+01 -3.259396422942029403e+01
-8.275262654794619266e+01 -3.277291375559345710e+01
-8.285620748830837101e+01 -3.295183153865316683e+01
-8.296007777415161399e+01 -3.313071690480791176e+01
-8.306424115134399244e+01 -3.330956917430066966e+01
-8.316870140379285203e+01 -3.348838766130214140e+01
-8.327346235402956154e+01 -3.366717167380212317e+01
-8.337852786380511816e+01 -3.384592051349908104e+01
-8.348390183469490466e+01 -3.402463347568797758e+01
-8.358958820871202988e+01 -3.420330984914615868e+01
-8.369559096893146943e+01 -3.438194891601747116e+01
-8.380191414012421092e+01 -3.456054995169407817e+01
-8.390856178940026666e+01 -3.473911222469668303e+01
-8.401553802686328254e+01 -3.491763499655263558e+01
-8.412284700627498069e+01 -3.509611752167180754e+01
-8.423049292573011826e+01 -3.527455904722033608e+01
-8.433848002834247382e+01 -3.545295881299246332e+01
-8.444681260294242975e+01 -3.563131605128003798e+01
-8.455549498478438863e+01 -3.580962998673950892e+01
-8.466453155626714988e+01 -3.598789983625729860e+01
-8.477392674766480241e+01 -3.616612480881184410e+01
-8.488368503786989550e+01 -3.634430410533424549e+01
-8.499381095514905837e+01 -3.652243691856561014e+01
-8.510430907790998845e+01 -3.670052243291285521e+01
-8.521518403548139986e+01 -3.687855982430070867e+01
-8.532644050890627341e+01 -3.705654826002226798e+01
-8.543808323174664565e+01 -3.723448689858621918e+01
-8.555011699090283628e+01 -3.741237488956161883e+01
-8.566254662744586312e+01 -3.759021137341991192e+01
-8.577537703746236275e+01 -3.776799548137381635e+01
-8.588861317291525665e+01 -3.794572633521363514e+01
-8.600226004251675249e+01 -3.812340304714052053e+01
-8.611632271261709093e+01 -3.830102471959661159e+01
-8.623080630810693492e+01 -3.847859044509247894e+01
-8.634571601333544777e+01 -3.865609930603066857e+01
-8.646105707304275256e+01 -3.883355037452671610e+01
-8.657683479330830778e+01 -3.901094271222662968e+01
-8.669305454251508536e+01 -3.918827537012116125e+01
-8.680972175232909649e+01 -3.936554738835618394e+01
-8.692684191869591359e+01 -3.954275779604021324e+01
-8.704442060285293792e+01 -3.971990561104783524e+01
-8.716246343235906124e+01 -3.989698983981975999e+01
-8.728097610214143742e+01 -4.007400947715915152e+01
-8.739996437555936382e+01 -4.025096350602399298e+01
-8.751943408548549996e+01 -4.042785089731547998e+01
-8.763939113540618564e+01 -4.060467060966272612e+01
-8.775984150053920985e+01 -4.078142158920335447e+01
-8.788079122897045181e+01 -4.095810276935958427e+01
-8.800224644280916664e+01 -4.113471307061046645e+01
-8.812421333936333667e+01 -4.131125140025966402e+01
-8.824669819233383805e+01 -4.148771665219867089e+01
-8.836970735302867297e+01 -4.166410770666571040e+01
-8.849324725159794980e+01 -4.184042342999994446e+01
-8.861732439828870156e+01 -4.201666267439073010e+01
-8.874194538472136173e+01 -4.219282427762232146e+01
-8.886711688518727215e+01 -4.236890706281374719e+01
-8.899284565796722291e+01 -4.254490983815315275e+01
-8.907768320671260653e+01 -4.251188421635580994e+01
-8.916243106198692203e+01 -4.247879608818704611e+01
-8.924708925343838928e+01 -4.244564559210760990e+01
-8.933165781167275554e+01 -4.241243286646258071e+01
-8.941613676824812273e+01 -4.237915804947985521e+01
-8.950052615566846725e+01 -4.234582127926886841e+01
-8.958482600737841040e+01 -4.231242269381921517e+01
-8.966903635775736348e+01 -4.227896243099933571e+01
-8.975315724211390034e+01 -4.224544062855511584e+01
-8.983718869667990248e+01 -4.221185742410869324e+01
-8.992113075860504523e+01 -4.217821295515700797e+01
-9.000498346595082921e+01 -4.214450735907061585e+01
-9.008874685768529389e+01 -4.211074077309240948e+01
-9.017242097367704901e+01 -4.207691333433625402e+01
-9.025600585468976078e+01 -4.204302517978582898e+01
-9.033950154237646757e+01 -4.200907644629333504e+01
-9.042290807927389551e+01 -4.197506727057826481e+01
-9.050622550879677419e+01 -4.194099778922619493e+01
-9.058945387523226600e+01 -4.190686813868761362e+01
-9.067259322373473651e+01 -4.187267845527662757e+01
-9.075564360031921751e+01 -4.183842887516981790e+01
-9.083860505185680267e+01 -4.180411953440511752e+01
-9.092147762606845163e+01 -4.176975056888058191e+01
-9.100426137151958983e+01 -4.173532211435327355e+01
-9.108695633761476529e+01 -4.170083430643808953e+01
-9.116956257459150947e+01 -4.166628728060667441e+01
-9.125208013351539194e+01 -4.163168117218628339e+01
-9.133450906627433596e+01 -4.159701611635863117e+01
-9.141684942557282056e+01 -4.156229224815887591e+01
-9.149910126492665086e+01 -4.152750970247451079e+01
-9.158126463865744427e+01 -4.149266861404422002e+01
-9.166333960188700303e+01 -4.145776911745696225e+01
-9.174532621053191406e+01 -4.142281134715075552e+01
-9.182722452129809199e+01 -4.138779543741176781e+01
-9.190903459167543588e+01 -4.135272152237320853e+01
-9.199075647993203120e+01 -4.131758973601436935e+01
-9.207239024510937497e+01 -4.128240021215955124e+01
-9.215393594701623670e+01 -4.124715308447716211e+01
-9.223539364622365611e+01 -4.121184848647858701e+01
-9.231676340405959991e+01 -4.117648655151742787e+01
-9.239804528260344796e+01 -4.114106741278832402e+01
-9.247923934468064999e+01 -4.110559120332614924e+01
-9.256034565385755286e+01 -4.107005805600496728e+01
-9.264136427443571620e+01 -4.103446810353717211e+01
-9.272229527144685335e+01 -4.099882147847254288e+01
-9.280313871064765863e+01 -4.096311831319734864e+01
-9.288389465851417981e+01 -4.092735873993341045e+01
-9.296456318223687276e+01 -4.089154289073727000e+01
-9.304514434971508763e+01 -4.085567089749923753e+01
-9.312563822955195292e+01 -4.081974289194259597e+01
-9.320604489104914592e+01 -4.078375900562269862e+01
-9.328636440420160625e+01 -4.074771936992614485e+01
-9.336659683969253365e+01 -4.071162411606992748e+01
-9.344674226888793100e+01 -4.067547337510060856e+01
-9.352680076383177266e+01 -4.063926727789348803e+01
-9.360677239724037690e+01 -4.060300595515185051e+01
-9.368665724249780169e+01 -4.056668953740609851e+01
-9.376645537365050131e+01 -4.053031815501301338e+01
-9.384616686540204000e+01 -4.049389193815493826e+01
-9.392579179310820336e+01 -4.045741101683909591e+01
-9.400533023277210987e+01 -4.042087552089668634e+01
-9.408478226103869702e+01 -4.038428557998226154e+01
-9.416414795519006020e+01 -4.034764132357297228e+01
-9.424342739314039363e+01 -4.031094288096776523e+01
-9.432262065343076074e+01 -4.027419038128675766e+01
-9.440172781522437617e+01 -4.023738395347047003e+01
-9.448074895830148989e+01 -4.020052372627910131e+01
-9.455968416305438495e+01 -4.016360982829194626e+01
-9.463853351048265949e+01 -4.012664238790659965e+01
-9.471729708218799715e+01 -4.008962153333835943e+01
-9.479597496036973325e+01 -4.005254739261950192e+01
-9.487456722781934104e+01 -4.001542009359869212e+01
-9.495307396791616839e+01 -3.997823976394030865e+01
-9.503149526462226504e+01 -3.994100653112380428e+01
-9.510983120247755096e+01 -3.990372052244308776e+01
-9.518808186659515513e+01 -3.986638186500590564e+01
-9.526624734265652705e+01 -3.982899068573325252e+01
-9.534432771690671871e+01 -3.979154711135875999e+01
-9.542232307614938236e+01 -3.975405126842806425e+01
-9.550023350774250730e+01 -3.971650328329831581e+01
-9.557805909959324708e+01 -3.967890328213751872e+01
-9.565579994015359944e+01 -3.964125139092404027e+01
-9.573345611841517666e+01 -3.960354773544601414e+01
-9.581102772390522659e+01 -3.956579244130079331e+01
-9.588851484668145986e+01 -3.952798563389443132e+01
-9.596591757732755923e+01 -3.949012743844113515e+01
-9.604323600694874585e+01 -3.945221797996276081e+01
-9.612047022716694755e+01 -3.941425738328832296e+01
-9.619762033011636504e+01 -3.937624577305345497e+01
-9.627468640843892445e+01 -3.933818327369989731e+01
-9.635166855527955931e+01 -3.930007000947509965e+01
-9.642856686428194735e+01 -3.926190610443160267e+01
-9.650538142958390608e+01 -3.922369168242673965e+01
-9.658211234581278859e+01 -3.918542686712201117e+01
-9.665875970808133388e+01 -3.914711178198276542e+01
-9.673532361198266472e+01 -3.910874655027762969e+01
-9.681180415358676328e+01 -3.907033129507819780e+01
-9.688820142943495739e+01 -3.903186613925850423e+01
-9.696451553653650990e+01 -3.899335120549463340e+01
-9.742055148826744926e+01 -3.953382104805091046e+01
-9.788331694168618924e+01 -4.007269187594737758e+01
-9.835303392277000967e+01 -4.060990446204719007e+01
-9.882993161481351763e+01 -4.114539729264195245e+01
-9.931424659595290905e+01 -4.167910645896531463e+01
-9.980622307884470956e+01 -4.221096554360182296e+01
-1.003061131516103046e+02 -4.274090550158724255e+01
-1.008141770190055695e+02 -4.326885453600028342e+01
-1.013306832425917037e+02 -4.379473796784651540e+01
-1.018559089784857861e+02 -4.431847810004076393e+01
-1.023901402110449794e+02 -4.483999407530311032e+01
-1.029336719805870075e+02 -4.535920172779342607e+01
-1.034868086029675283e+02 -4.587601342832387985e+01
-1.040498638785233254e+02 -4.639033792300898540e+01
-1.046231612875394035e+02 -4.690208016523432377e+01
-1.052070341690167083e+02 -4.741114114085708309e+01
-1.058018258790830259e+02 -4.791741768658415168e+01
-1.064078899249251720e+02 -4.842080230152046738e+01
-1.070255900695988487e+02 -4.892118295192889121e+01
-1.076553004025082600e+02 -4.941844286930699326e+01
-1.082974053697269881e+02 -4.991246034195705761e+01
-1.089522997576632406e+02 -5.040310850031129775e+01
-1.096203886228444730e+02 -5.089025509637235700e+01
-1.103020871598182282e+02 -5.137376227774426951e+01
-1.109978204983352725e+02 -5.185348635686043650e+01
-1.117080234200928146e+02 -5.232927757616439379e+01
-1.124331399843957229e+02 -5.280097987017279593e+01
-1.131736230511205576e+02 -5.326843062554303287e+01
-1.139299336883776448e+02 -5.373146044048698400e+01
-1.147025404512585851e+02 -5.418989288511953362e+01
-1.154919185170548701e+02 -5.464354426460353409e+01
-1.162985486613578701e+02 -5.509222338725719226e+01
-1.171229160585382658e+02 -5.553573134012557233e+01
-1.179655088892814376e+02 -5.597386127488452701e+01
-1.188268167371705601e+02 -5.640639820734226362e+01
-1.197073287558262109e+02 -5.683311883423584732e+01
-1.206075315878663048e+02 -5.725379137147439224e+01
-1.215279070170474824e+02 -5.766817541846564410e+01
-1.224689293354393556e+02 -5.807602185366617675e+01
-1.234310624084838253e+02 -5.847707276701043355e+01
-1.244147564223839026e+02 -5.887106143539601533e+01
-1.254204443005738199e+02 -5.925771234791250919e+01
-1.264485377791511951e+02 -5.963674128799171115e+01
-1.274994231352144709e+02 -6.000785548010163950e+01
-1.285734565671754694e+02 -6.037075380899069899e+01
-1.296709592323807101e+02 -6.072512711977957878e+01
-1.307922119548948956e+02 -6.107065860737304774e+01
-1.319374496251049038e+02 -6.140702430368360609e+01
-1.331068553229307270e+02 -6.173389367099477454e+01
-1.343005542078310839e+02 -6.205093030939730880e+01
-1.355186072313795762e+02 -6.235779278557830452e+01
-1.367610047417677208e+02 -6.265413558928500493e+01
-1.380276600638986224e+02 -6.293961022249281712e+01
-1.393184031533816096e+02 -6.321386642465000705e+01
-1.406329744372388291e+02 -6.347655353533185973e+01
-1.419710189678730501e+02 -6.372732199320362412e+01
-1.433320810291209284e+02 -6.396582496737720902e+01
-1.447155993432198215e+02 -6.419172011407574985e+01
-1.461209030343853499e+02 -6.440467144804284771e+01
-1.475472085075507493e+02 -6.460435131442460488e+01
-1.489936173988128303e+02 -6.479044244301219635e+01
-1.504591157465017091e+02 -6.496264006288386383e+01
-1.519425745179674720e+02 -6.512065405177732202e+01
-1.534427516068210764e+02 -6.526421109112033037e+01
-1.549582953884430765e+02 -6.539305679472586519e+01
-1.564877498884336262e+02 -6.550695777689411159e+01
-1.580295615800832252e+02 -6.560570362423010238e+01
-1.595820877840488095e+02 -6.568910873502274228e+01
-1.611436065978044780e+02 -6.575701399065957276e+01
-1.627123282359886787e+02 -6.580928822533360290e+01
-1.642864076176105641e+02 -6.584582946325194541e+01
-1.658639579944364755e+02 -6.586656589663327566e+01
-1.674430653789177086e+02 -6.587145658287333561e+01
-1.690218035017141744e+02 -6.586049184519787048e+01
-1.705982490097758557e+02 -6.583369336769160896e+01
-1.721704966072064735e+02 -6.579111398253171217e+01
-1.737366738432087345e+02 -6.573283715428216567e+01
-1.752949552642213575e+02 -6.565897617293634880e+01
-1.768435756701269383e+02 -6.556967307375133203e+01
-1.783808422458731116e+02 -6.546509730755620637e+01
-1.799051453782209933e+02 -6.534544418993725401e+01
1.785850319894040865e+02 -6.521093316135819862e+01
1.770911065650780358e+02 -6.506180589278071125e+01
1.756143885343013551e+02 -6.489832427268588333e+01
1.741560770136499059e+02 -6.472076831159670007e+01
1.727172571007032786e+02 -6.452943399935109881e+01
1.712988984521858526e+02 -6.432463114860510700e+01
1.699018552914274949e+02 -6.410668125550824925e+01
1.685268677218281823e+02 -6.387591540536703860e+01
1.671745642051741925e+02 -6.363267224757137797e+01
1.658454650522619147e+02 -6.337729606027836837e+01
1.645399867678906674e+02 -6.311013492148649817e+01
1.632584470922367359e+02 -6.283153899932926123e+01
1.620010705851147748e+02 -6.254185897078686196e+01
1.607679946078123976e+02 -6.224144457464812064e+01
1.595592755681518327e+02 -6.193064330151516117e+01
1.583748953073600205e+02 -6.160979922097256178e+01
1.572147675214407627e+02 -6.127925194376152973e+01
1.560787441243585363e+02 -6.093933571490622825e+01
