1.183166666666666700e+01 -6.793055555555555713e+01
1.408999999999999986e+01 -6.793055555555555713e+01
1.499333333333333407e+01 -6.843777777777778226e+01
1.634833333333333272e+01 -6.945222222222221831e+01
1.634833333333333272e+01 -7.097388888888889369e+01
1.680000000000000071e+01 -7.097388888888889369e+01
1.680000000000000071e+01 -7.249555555555555486e+01
1.544500000000000028e+01 -7.249555555555555486e+01
1.544500000000000028e+01 -7.198833333333332973e+01
1.047666666666666657e+01 -7.198833333333332973e+01
1.047666666666666657e+01 -7.249555555555555486e+01
7.766666666666667496e+00 -7.249555555555555486e+01
7.766666666666667496e+00 -7.198833333333332973e+01
7.315000000000001279e+00 -7.198833333333332973e+01
7.315000000000001279e+00 -7.148111111111111882e+01
1.002500000000000036e+01 -7.046666666666666856e+01
1.183166666666666700e+01 -6.793055555555555713e+01
