-7.861000000000001364e+01 -2.903999999999999915e+01
-9.000000000000000000e+01 -2.944000000000000128e+01
-1.013899999999999864e+02 -2.903999999999999915e+01
-1.126299999999999955e+02 -2.787999999999999901e+01
-1.235900000000000034e+02 -2.601000000000000156e+01
-1.341999999999999886e+02 -2.351000000000000156e+01
-1.444199999999999875e+02 -2.050000000000000000e+01
-1.542899999999999920e+02 -1.707999999999999829e+01
-1.638600000000000136e+02 -1.336999999999999922e+01
-1.731999999999999886e+02 -9.470000000000000639e+00
-1.796399999999999864e+02 -6.700000000000000178e+00
-1.800000000000000000e+02 0.000000000000000000e+00
-1.800000000000000000e+02 0.000000000000000000e+00
-1.659699999999999989e+02 0.000000000000000000e+00
-1.600000000000000000e+02 0.000000000000000000e+00
-1.499699999999999989e+02 -5.849999999999999645e+00
-1.405000000000000000e+02 -9.109999999999999432e+00
-1.308000000000000114e+02 -1.194999999999999929e+01
-1.208700000000000045e+02 -1.427999999999999936e+01
-1.107199999999999989e+02 -1.601000000000000156e+01
-1.004100000000000250e+02 -1.707999999999999829e+01
-9.000000000000000000e+01 -1.742999999999999972e+01
-7.958999999999997499e+01 -1.707999999999999829e+01
-6.927999999999997272e+01 -1.601000000000000156e+01
-5.912999999999999545e+01 -1.427999999999999936e+01
-4.919999999999998863e+01 -1.194999999999999929e+01
-3.950000000000000000e+01 -9.109999999999999432e+00
-3.002999999999997272e+01 -5.849999999999999645e+00
-2.073000000000001819e+01 -2.259999999999999787e+00
-1.520999999999997954e+01 -1.000000000000000021e-02
0.000000000000000000e+00 -2.479999999999999982e+00
0.000000000000000000e+00 -6.549999999999999822e+00
-2.189999999999997726e+00 -7.490000000000000213e+00
-6.800000000000011369e+00 -9.470000000000000639e+00
-1.612000000000000455e+01 -1.336999999999999922e+01
-2.570999999999997954e+01 -1.707999999999999829e+01
-3.557999999999998408e+01 -2.050000000000000000e+01
-4.580000000000001137e+01 -2.351000000000000156e+01
-5.641000000000002501e+01 -2.601000000000000156e+01
-6.737000000000000455e+01 -2.787999999999999901e+01
-7.861000000000001364e+01 -2.903999999999999915e+01
