# RA	DEC
156.078744 -60.939336
156.145217 -60.888063
156.211477 -60.836758
156.277524 -60.785420
156.343360 -60.734050
156.408986 -60.682648
156.474402 -60.631213
156.539610 -60.579747
156.604610 -60.528250
156.669404 -60.476721
156.733992 -60.425160
156.798376 -60.373568
156.862556 -60.321946
156.926534 -60.270292
156.990309 -60.218608
157.053884 -60.166893
157.117259 -60.115148
157.180435 -60.063373
157.243413 -60.011568
157.306194 -59.959733
157.368779 -59.907868
157.431168 -59.855974
157.493364 -59.804050
157.555365 -59.752097
157.617174 -59.700115
157.678792 -59.648103
157.740218 -59.596063
157.801455 -59.543995
157.862503 -59.491898
157.923362 -59.439772
157.984034 -59.387619
158.044520 -59.335437
158.104820 -59.283227
158.164936 -59.230990
158.224867 -59.178725
158.284616 -59.126432
158.344182 -59.074112
158.403567 -59.021765
158.462771 -58.969391
158.521796 -58.916990
158.580642 -58.864562
158.639310 -58.812107
158.697800 -58.759626
158.756115 -58.707118
158.814253 -58.654584
158.872217 -58.602024
158.930007 -58.549438
158.987623 -58.496827
159.045067 -58.444189
159.102340 -58.391526
159.159441 -58.338837
159.216373 -58.286123
159.273135 -58.233384
159.329728 -58.180620
159.386154 -58.127830
159.442413 -58.075016
159.498506 -58.022177
159.554433 -57.969314
159.610195 -57.916426
159.665793 -57.863514
159.721228 -57.810577
159.776501 -57.757617
159.831611 -57.704632
159.886561 -57.651623
159.941350 -57.598591
159.995980 -57.545535
160.050451 -57.492456
160.104764 -57.439353
160.158919 -57.386227
160.212917 -57.333078
160.266759 -57.279906
160.320446 -57.226710
160.373979 -57.173492
160.427357 -57.120251
160.480582 -57.066988
160.533655 -57.013702
160.586575 -56.960394
160.639345 -56.907063
160.691963 -56.853711
160.744432 -56.800336
160.796752 -56.746939
160.848923 -56.693520
160.900947 -56.640080
160.952823 -56.586618
161.004552 -56.533135
161.056136 -56.479630
161.107574 -56.426103
161.158868 -56.372556
161.210018 -56.318987
161.261024 -56.265398
161.311888 -56.211787
161.362609 -56.158156
161.413189 -56.104504
161.463629 -56.050831
161.513928 -55.997138
161.564087 -55.943425
161.614108 -55.889691
161.663990 -55.835937
161.713735 -55.782163
161.763342 -55.728368
162.789007 -56.021106
163.830406 -56.304863
164.887433 -56.579406
165.959947 -56.844507
167.047762 -57.099934
168.150652 -57.345460
169.268346 -57.580856
170.400528 -57.805901
171.546833 -58.020373
172.706849 -58.224056
173.880116 -58.416742
175.066123 -58.598226
176.264311 -58.768312
177.474072 -58.926811
178.694750 -59.073545
179.925642 -59.208343
-178.833999 -59.331048
-177.584964 -59.441513
-176.328084 -59.539605
-175.064227 -59.625203
-173.794295 -59.698200
-172.519219 -59.758505
-171.239957 -59.806041
-169.957488 -59.840747
-168.672805 -59.862580
-167.386916 -59.871511
-166.100832 -59.867527
-164.815568 -59.850636
-163.532132 -59.820857
-162.251524 -59.778231
-160.974730 -59.722810
-159.702716 -59.654666
-158.436423 -59.573884
-157.176765 -59.480566
-155.924624 -59.374826
-154.680846 -59.256794
-153.446236 -59.126611
-152.221559 -58.984431
-151.007535 -58.830419
-149.804838 -58.664751
-148.614095 -58.487611
-147.435884 -58.299194
-146.270734 -58.099699
-145.119124 -57.889335
-143.981485 -57.668316
-142.858200 -57.436860
-141.749604 -57.195188
-140.655983 -56.943528
-139.577583 -56.682106
-138.514603 -56.411154
-137.467202 -56.130900
-136.435499 -55.841576
-135.419575 -55.543412
-134.419477 -55.236638
-133.435217 -54.921482
-132.466777 -54.598170
-131.514110 -54.266925
-130.577143 -53.927968
-129.655777 -53.581516
-128.749893 -53.227785
-127.859350 -52.866984
-126.983987 -52.499320
-126.123631 -52.124995
-125.278091 -51.744207
-124.447163 -51.357151
-123.630633 -50.964015
-122.828276 -50.564984
-122.039860 -50.160237
-121.265145 -49.749951
-120.503884 -49.334296
-119.755827 -48.913437
-119.020720 -48.487536
-118.298305 -48.056750
-117.588323 -47.621230
-116.890514 -47.181125
-116.204618 -46.736577
-115.530373 -46.287726
-114.867522 -45.834705
-114.215805 -45.377646
-113.574966 -44.916674
-112.944752 -44.451912
-112.324910 -43.983478
-111.715194 -43.511487
-111.115357 -43.036050
-110.525158 -42.557273
-109.944359 -42.075262
-109.372726 -41.590115
-108.810029 -41.101931
-108.256041 -40.610803
-107.710540 -40.116822
-107.173310 -39.620077
-106.644136 -39.120651
-106.122809 -38.618628
-105.609126 -38.114087
-105.102885 -37.607105
-104.603891 -37.097757
-104.111951 -36.586114
-103.626879 -36.072246
-103.148492 -35.556220
-103.218068 -35.513866
-103.287571 -35.471473
-103.357001 -35.429040
-103.426358 -35.386566
-103.495641 -35.344054
-103.564852 -35.301502
-103.633990 -35.258910
-103.703055 -35.216279
-103.772048 -35.173609
-103.840968 -35.130900
-103.909816 -35.088152
-103.978592 -35.045365
-104.047295 -35.002540
-104.115927 -34.959675
-104.184487 -34.916772
-104.252976 -34.873831
-104.321393 -34.830851
-104.389738 -34.787833
-104.458012 -34.744777
-104.526215 -34.701683
-104.594347 -34.658551
-104.662408 -34.615381
-104.730398 -34.572173
-104.798318 -34.528928
-104.866167 -34.485644
-104.933945 -34.442324
-105.001654 -34.398966
-105.069292 -34.355571
-105.136860 -34.312139
-105.204358 -34.268670
-105.271787 -34.225163
-105.339146 -34.181620
-105.406435 -34.138040
-105.473655 -34.094424
-105.540806 -34.050770
-105.607887 -34.007081
-105.674899 -33.963355
-105.741843 -33.919593
-105.808718 -33.875794
-105.875524 -33.831960
-105.942262 -33.788089
-106.008931 -33.744183
-106.075532 -33.700240
-106.142065 -33.656262
-106.208530 -33.612249
-106.274927 -33.568200
-106.341256 -33.524115
-106.407518 -33.479996
-106.473712 -33.435841
-106.539839 -33.391651
-106.605899 -33.347425
-106.671891 -33.303165
-106.737817 -33.258870
-106.803676 -33.214541
-106.869468 -33.170176
-106.935193 -33.125778
-107.000852 -33.081344
-107.066445 -33.036876
-107.131971 -32.992374
-107.197431 -32.947838
-107.262826 -32.903268
-107.328154 -32.858663
-107.393417 -32.814025
-107.458614 -32.769353
-107.523746 -32.724647
-107.588813 -32.679908
-107.653814 -32.635135
-107.718751 -32.590328
-107.783622 -32.545489
-107.848429 -32.500616
-107.913171 -32.455709
-107.977848 -32.410770
-108.042461 -32.365797
-108.107010 -32.320792
-108.171495 -32.275754
-108.235915 -32.230683
-108.300272 -32.185580
-108.364565 -32.140444
-108.428794 -32.095275
-108.492960 -32.050074
-108.557062 -32.004841
-108.621102 -31.959576
-108.685078 -31.914278
-108.748991 -31.868949
-108.812841 -31.823587
-108.876628 -31.778194
-108.940353 -31.732769
-109.004016 -31.687312
-109.067616 -31.641824
-109.131153 -31.596304
-109.194629 -31.550753
-109.258043 -31.505170
-109.321395 -31.459556
-109.384685 -31.413912
-109.447914 -31.368236
-109.511081 -31.322529
-109.574187 -31.276791
-109.637231 -31.231022
-109.700215 -31.185222
-109.549825 -31.033558
-109.400022 -30.881642
-109.250801 -30.729475
-109.102160 -30.577059
-108.954094 -30.424397
-108.806600 -30.271491
-108.659673 -30.118342
-108.513309 -29.964952
-108.367505 -29.811324
-108.222258 -29.657459
-108.077562 -29.503360
-107.933415 -29.349027
-107.789813 -29.194463
-107.646751 -29.039670
-107.504227 -28.884649
-107.362236 -28.729403
-107.220775 -28.573933
-107.079839 -28.418241
-106.939427 -28.262328
-106.799533 -28.106197
-106.660154 -27.949849
-106.521287 -27.793286
-106.382928 -27.636510
-106.245074 -27.479521
-106.107720 -27.322323
-105.970864 -27.164917
-105.834501 -27.007304
-105.698629 -26.849485
-105.563243 -26.691463
-105.428341 -26.533240
-105.293919 -26.374816
-105.159974 -26.216193
-105.026501 -26.057374
-104.893498 -25.898358
-104.760962 -25.739149
-104.628889 -25.579747
-104.497275 -25.420155
-104.366117 -25.260372
-104.235413 -25.100402
-104.105158 -24.940246
-103.975350 -24.779904
-103.845985 -24.619379
-103.717060 -24.458672
-103.588571 -24.297783
-103.460517 -24.136716
-103.332892 -23.975471
-103.205695 -23.814049
-103.078922 -23.652453
-102.952570 -23.490682
-102.826635 -23.328739
-102.701116 -23.166625
-102.576007 -23.004342
-102.451308 -22.841890
-102.327014 -22.679271
-102.203122 -22.516487
-102.079630 -22.353538
-101.956535 -22.190426
-101.833832 -22.027152
-101.711521 -21.863717
-101.589597 -21.700123
-101.468057 -21.536371
-101.346900 -21.372462
-101.226121 -21.208397
-101.105718 -21.044178
-100.985688 -20.879806
-100.866028 -20.715282
-100.746735 -20.550607
-100.627807 -20.385782
-100.509241 -20.220809
-100.391034 -20.055688
-100.273183 -19.890421
-100.155685 -19.725009
-100.038538 -19.559453
-99.921739 -19.393755
-99.805284 -19.227914
-99.689173 -19.061933
-99.573401 -18.895813
-99.457966 -18.729554
-99.342866 -18.563157
-99.228097 -18.396625
-99.113658 -18.229957
-98.999545 -18.063155
-98.885756 -17.896220
-98.772289 -17.729152
-98.659140 -17.561954
-98.546308 -17.394626
-98.433789 -17.227168
-98.321581 -17.059583
-98.209682 -16.891870
-98.098089 -16.724032
-97.986799 -16.556068
-97.875811 -16.387980
-97.765121 -16.219769
-97.654728 -16.051436
-97.544628 -15.882982
-97.434819 -15.714407
-97.325300 -15.545713
-97.216067 -15.376901
-97.107117 -15.207971
-97.044869 -15.245278
-96.982597 -15.282568
-96.920304 -15.319842
-96.857989 -15.357097
-96.795651 -15.394336
-96.733291 -15.431557
-96.670909 -15.468761
-96.608504 -15.505947
-96.546077 -15.543116
-96.483627 -15.580267
-96.421155 -15.617400
-96.358660 -15.654516
-96.296142 -15.691614
-96.233602 -15.728695
-96.171039 -15.765757
-96.108453 -15.802802
-96.045844 -15.839829
-95.983212 -15.876837
-95.920557 -15.913828
-95.857879 -15.950801
-95.795178 -15.987755
-95.732454 -16.024692
-95.669706 -16.061610
-95.606935 -16.098510
-95.544141 -16.135391
-95.481324 -16.172255
-95.418483 -16.209099
-95.355618 -16.245926
-95.292730 -16.282733
-95.229819 -16.319523
-95.166884 -16.356293
-95.103925 -16.393045
-95.040942 -16.429778
-94.977935 -16.466492
-94.914905 -16.503188
-94.851851 -16.539864
-94.788773 -16.576522
-94.725670 -16.613161
-94.662544 -16.649780
-94.599393 -16.686381
-94.536219 -16.722962
-94.473020 -16.759524
-94.409797 -16.796067
-94.346549 -16.832591
-94.283277 -16.869095
-94.219981 -16.905580
-94.156660 -16.942045
-94.093315 -16.978491
-94.029945 -17.014917
-93.966550 -17.051324
-93.903130 -17.087711
-93.839686 -17.124078
-93.776217 -17.160426
-93.712723 -17.196753
-93.649205 -17.233061
-93.585661 -17.269349
-93.522092 -17.305617
-93.458498 -17.341864
-93.394880 -17.378092
-93.331235 -17.414300
-93.267566 -17.450487
-93.203872 -17.486654
-93.140152 -17.522801
-93.076406 -17.558927
-93.012635 -17.595034
-92.948839 -17.631119
-92.885017 -17.667184
-92.821170 -17.703229
-92.757297 -17.739253
-92.693398 -17.775256
-92.629474 -17.811238
-92.565524 -17.847200
-92.501548 -17.883141
-92.437546 -17.919061
-92.373518 -17.954960
-92.309464 -17.990838
-92.245384 -18.026695
-92.181278 -18.062531
-92.117145 -18.098346
-92.052987 -18.134140
-91.988802 -18.169912
-91.924591 -18.205663
-91.860354 -18.241393
-91.796090 -18.277101
-91.731800 -18.312788
-91.667483 -18.348453
-91.603140 -18.384096
-91.538770 -18.419718
-91.474374 -18.455319
-91.409951 -18.490897
-91.345501 -18.526454
-91.281024 -18.561989
-91.216520 -18.597502
-91.151990 -18.632993
-91.087432 -18.668462
-91.022848 -18.703909
-90.958236 -18.739334
-90.893598 -18.774737
-90.828932 -18.810117
-90.563197 -18.373150
-90.299018 -17.935700
-90.036353 -17.497779
-89.775164 -17.059400
-89.515410 -16.620574
-89.257052 -16.181313
-89.000053 -15.741627
-88.744374 -15.301528
-88.489978 -14.861026
-88.236828 -14.420133
-87.984888 -13.978858
-87.734123 -13.537213
-87.484496 -13.095206
-87.235972 -12.652849
-86.988518 -12.210150
-86.742100 -11.767121
-86.496682 -11.323769
-86.252233 -10.880105
-86.008718 -10.436138
-85.766106 -9.991877
-85.524364 -9.547331
-85.283460 -9.102509
-85.043362 -8.657420
-84.804040 -8.212072
-84.565461 -7.766474
-84.327595 -7.320635
-84.090412 -6.874562
-83.853881 -6.428265
-83.617972 -5.981751
-83.382655 -5.535029
-83.147900 -5.088106
-82.913678 -4.640990
-82.679960 -4.193690
-82.446716 -3.746213
-82.213917 -3.298567
-81.981535 -2.850760
-81.749540 -2.402799
-81.517904 -1.954692
-81.286599 -1.506446
-81.055596 -1.058069
-80.824866 -0.609568
-80.594382 -0.160952
-80.364115 0.287774
-80.134037 0.736601
-79.904119 1.185523
-79.674335 1.634531
-79.444654 2.083619
-79.215051 2.532780
-78.985495 2.982005
-78.755959 3.431289
-78.526415 3.880624
-78.296835 4.330002
-78.067190 4.779416
-77.837451 5.228860
-77.607591 5.678325
-77.377581 6.127805
-77.147391 6.577293
-76.916994 7.026781
-76.686360 7.476261
-76.455459 7.925728
-76.224264 8.375172
-75.992743 8.824588
-75.760868 9.273967
-75.528609 9.723303
-75.295935 10.172587
-75.062817 10.621812
-74.829223 11.070971
-74.595123 11.520056
-74.360486 11.969060
-74.125280 12.417974
-73.889473 12.866790
-73.653034 13.315502
-73.415930 13.764101
-73.178128 14.212578
-72.939595 14.660927
-72.700299 15.109138
-72.460203 15.557204
-72.219276 16.005116
-71.977481 16.452865
-71.734783 16.900443
-71.491147 17.347842
-71.246537 17.795052
-71.000915 18.242064
-70.754245 18.688870
-70.506488 19.135460
-70.257607 19.581825
-70.007561 20.027956
-69.756313 20.473843
-69.503820 20.919475
-69.250043 21.364844
-68.994939 21.809938
-68.738467 22.254749
-68.480583 22.699264
-68.221243 23.143474
-67.960402 23.587368
-67.698016 24.030934
-67.434037 24.474161
-67.168419 24.917038
-66.901113 25.359553
-66.842307 25.330423
-66.783529 25.301269
-66.724779 25.272092
-66.666058 25.242891
-66.607364 25.213668
-66.548699 25.184421
-66.490062 25.155151
-66.431453 25.125858
-66.372873 25.096542
-66.314320 25.067203
-66.255796 25.037841
-66.197299 25.008456
-66.138830 24.979048
-66.080390 24.949618
-66.021977 24.920164
-65.963592 24.890688
-65.905236 24.861189
-65.846907 24.831668
-65.788605 24.802124
-65.730332 24.772557
-65.672086 24.742968
-65.613868 24.713356
-65.555678 24.683722
-65.497516 24.654065
-65.439381 24.624386
-65.381273 24.594685
-65.323194 24.564961
-65.265142 24.535216
-65.207117 24.505447
-65.149120 24.475657
-65.091150 24.445845
-65.033208 24.416010
-64.975293 24.386154
-64.917405 24.356276
-64.859545 24.326375
-64.801712 24.296453
-64.743907 24.266509
-64.686128 24.236542
-64.628377 24.206555
-64.570653 24.176545
-64.512956 24.146514
-64.455287 24.116460
-64.397644 24.086386
-64.340028 24.056290
-64.282440 24.026172
-64.224878 23.996032
-64.167344 23.965872
-64.109836 23.935689
-64.052355 23.905486
-63.994901 23.875261
-63.937474 23.845014
-63.880074 23.814747
-63.822701 23.784458
-63.765354 23.754148
-63.708034 23.723817
-63.650740 23.693465
-63.593474 23.663091
-63.536234 23.632697
-63.479020 23.602281
-63.421833 23.571845
-63.364673 23.541388
-63.307539 23.510910
-63.250431 23.480411
-63.193350 23.449891
-63.136295 23.419351
-63.079267 23.388789
-63.022264 23.358208
-62.965289 23.327605
-62.908339 23.296982
-62.851416 23.266338
-62.794519 23.235674
-62.737648 23.204990
-62.680803 23.174285
-62.623984 23.143559
-62.567191 23.112813
-62.510424 23.082047
-62.453683 23.051261
-62.396969 23.020454
-62.340280 22.989627
-62.283617 22.958780
-62.226979 22.927913
-62.170368 22.897026
-62.113783 22.866119
-62.057223 22.835192
-62.000689 22.804244
-61.944180 22.773277
-61.887697 22.742290
-61.831240 22.711284
-61.774809 22.680257
-61.718402 22.649211
-61.662022 22.618144
-61.605667 22.587059
-61.549337 22.555953
-61.493033 22.524828
-61.436754 22.493683
-61.380501 22.462519
-61.324272 22.431336
-61.268069 22.400132
-61.211892 22.368910
-61.491980 21.936379
-61.770155 21.503258
-62.046462 21.069560
-62.320948 20.635300
-62.593656 20.200490
-62.864631 19.765145
-63.133917 19.329278
-63.401557 18.892900
-63.667591 18.456026
-63.932062 18.018666
-64.195011 17.580834
-64.456477 17.142541
-64.716500 16.703799
-64.975119 16.264619
-65.232373 15.825013
-65.488299 15.384991
-65.742936 14.944565
-65.996319 14.503745
-66.248485 14.062542
-66.499471 13.620966
-66.749311 13.179027
-66.998041 12.736736
-67.245695 12.294101
-67.492307 11.851133
-67.737912 11.407842
-67.982543 10.964237
-68.226232 10.520326
-68.469013 10.076120
-68.710917 9.631628
-68.951978 9.186857
-69.192226 8.741818
-69.431693 8.296519
-69.670410 7.850968
-69.908409 7.405173
-70.145719 6.959145
-70.382371 6.512889
-70.618396 6.066416
-70.853823 5.619732
-71.088682 5.172847
-71.323003 4.725767
-71.556814 4.278501
-71.790146 3.831057
-72.023027 3.383443
-72.255486 2.935666
-72.487552 2.487733
-72.719254 2.039653
-72.950619 1.591433
-73.181678 1.143080
-73.412457 0.694603
-73.642985 0.246007
-73.873292 -0.202698
-74.103403 -0.651507
-74.333349 -1.100411
-74.563157 -1.549404
-74.792855 -1.998477
-75.022471 -2.447625
-75.252034 -2.896838
-75.481571 -3.346112
-75.711111 -3.795437
-75.940682 -4.244807
-76.170313 -4.694215
-76.400032 -5.143654
-76.629866 -5.593116
-76.859846 -6.042594
-77.090000 -6.492080
-77.320355 -6.941569
-77.550942 -7.391051
-77.781790 -7.840521
-78.012927 -8.289970
-78.244384 -8.739392
-78.476189 -9.188779
-78.708373 -9.638123
-78.940966 -10.087418
-79.173998 -10.536655
-79.407499 -10.985827
-79.641501 -11.434927
-79.876034 -11.883946
-80.111130 -12.332878
-80.346820 -12.781713
-80.583137 -13.230445
-80.820113 -13.679066
-81.057780 -14.127567
-81.296171 -14.575941
-81.535320 -15.024179
-81.775262 -15.472273
-82.016029 -15.920214
-82.257657 -16.367995
-82.500180 -16.815607
-82.743636 -17.263040
-82.988059 -17.710286
-83.233486 -18.157337
-83.479954 -18.604183
-83.727502 -19.050815
-83.976167 -19.497223
-84.225989 -19.943399
-84.477006 -20.389332
-84.729260 -20.835014
-84.982791 -21.280433
-85.237640 -21.725581
-85.170467 -21.758845
-85.103263 -21.792082
-85.036029 -21.825291
-84.968763 -21.858474
-84.901465 -21.891629
-84.834137 -21.924757
-84.766777 -21.957858
-84.699386 -21.990931
-84.631963 -22.023976
-84.564509 -22.056994
-84.497024 -22.089984
-84.429506 -22.122947
-84.361958 -22.155881
-84.294377 -22.188788
-84.226765 -22.221667
-84.159122 -22.254519
-84.091446 -22.287342
-84.023739 -22.320137
-83.956000 -22.352903
-83.888229 -22.385642
-83.820427 -22.418353
-83.752592 -22.451035
-83.684725 -22.483689
-83.616827 -22.516314
-83.548896 -22.548911
-83.480933 -22.581479
-83.412938 -22.614019
-83.344911 -22.646530
-83.276852 -22.679013
-83.208760 -22.711466
-83.140637 -22.743891
-83.072481 -22.776287
-83.004292 -22.808654
-82.936071 -22.840992
-82.867818 -22.873301
-82.799532 -22.905580
-82.731214 -22.937831
-82.662863 -22.970052
-82.594480 -23.002244
-82.526064 -23.034407
-82.457615 -23.066540
-82.389134 -23.098644
-82.320620 -23.130718
-82.252073 -23.162762
-82.183493 -23.194777
-82.114881 -23.226762
-82.046236 -23.258718
-81.977557 -23.290643
-81.908846 -23.322539
-81.840102 -23.354404
-81.771325 -23.386240
-81.702515 -23.418045
-81.633671 -23.449821
-81.564795 -23.481566
-81.495886 -23.513280
-81.426943 -23.544965
-81.357967 -23.576619
-81.288958 -23.608243
-81.219915 -23.639836
-81.150839 -23.671398
-81.081730 -23.702930
-81.012588 -23.734432
-80.943412 -23.765902
-80.874202 -23.797342
-80.804960 -23.828750
-80.735683 -23.860128
-80.666373 -23.891475
-80.597030 -23.922791
-80.527652 -23.954075
-80.458242 -23.985329
-80.388797 -24.016551
-80.319319 -24.047742
-80.249807 -24.078901
-80.180261 -24.110030
-80.110682 -24.141126
-80.041068 -24.172191
-79.971421 -24.203225
-79.901740 -24.234226
-79.832025 -24.265196
-79.762276 -24.296135
-79.692493 -24.327041
-79.622676 -24.357916
-79.552825 -24.388758
-79.482939 -24.419569
-79.413020 -24.450347
-79.343066 -24.481093
-79.273079 -24.511807
-79.203057 -24.542489
-79.133001 -24.573138
-79.062910 -24.603755
-78.992786 -24.634339
-78.922627 -24.664891
-78.852434 -24.695411
-78.782206 -24.725897
-78.711944 -24.756351
-78.641647 -24.786772
-78.571316 -24.817161
-78.500951 -24.847516
-78.430551 -24.877838
-78.524622 -25.057585
-78.618848 -25.237324
-78.713232 -25.417056
-78.807775 -25.596780
-78.902480 -25.776495
-78.997351 -25.956201
-79.092389 -26.135897
-79.187597 -26.315583
-79.282978 -26.495259
-79.378535 -26.674923
-79.474270 -26.854575
-79.570186 -27.034215
-79.666286 -27.213843
-79.762572 -27.393457
-79.859047 -27.573057
-79.955715 -27.752643
-80.052577 -27.932214
-80.149637 -28.111770
-80.246898 -28.291310
-80.344362 -28.470833
-80.442033 -28.650338
-80.539914 -28.829827
-80.638007 -29.009297
-80.736315 -29.188748
-80.834842 -29.368180
-80.933591 -29.547592
-81.032564 -29.726983
-81.131765 -29.906353
-81.231197 -30.085702
-81.330863 -30.265028
-81.430766 -30.444332
-81.530910 -30.623611
-81.631298 -30.802867
-81.731933 -30.982098
-81.832819 -31.161304
-81.933958 -31.340484
-82.035355 -31.519637
-82.137012 -31.698764
-82.238934 -31.877862
-82.341123 -32.056932
-82.443583 -32.235973
-82.546318 -32.414984
-82.649331 -32.593964
-82.752627 -32.772914
-82.856207 -32.951832
-82.960078 -33.130717
-83.064241 -33.309569
-83.168701 -33.488388
-83.273462 -33.667172
-83.378528 -33.845921
-83.483902 -34.024633
-83.589588 -34.203310
-83.695591 -34.381949
-83.801914 -34.560550
-83.908562 -34.739112
-84.015538 -34.917635
-84.122847 -35.096118
-84.230493 -35.274559
-84.338480 -35.452959
-84.446813 -35.631316
-84.555495 -35.809630
-84.664532 -35.987900
-84.773927 -36.166125
-84.883685 -36.344304
-84.993811 -36.522437
-85.104309 -36.700522
-85.215184 -36.878560
-85.326441 -37.056548
-85.438083 -37.234487
-85.550117 -37.412375
-85.662547 -37.590211
-85.775377 -37.767995
-85.888613 -37.945726
-86.002260 -38.123403
-86.116323 -38.301025
-86.230806 -38.478590
-86.345716 -38.656099
-86.461057 -38.833550
-86.576835 -39.010943
-86.693055 -39.188275
-86.809722 -39.365547
-86.926842 -39.542758
-87.044421 -39.719906
-87.162463 -39.896990
-87.280976 -40.074009
-87.399964 -40.250964
-87.519434 -40.427851
-87.639391 -40.604671
-87.759842 -40.781422
-87.880791 -40.958103
-88.002246 -41.134713
-88.124213 -41.311251
-88.246698 -41.487717
-88.369707 -41.664108
-88.493247 -41.840423
-88.617324 -42.016663
-88.741945 -42.192824
-88.867117 -42.368907
-88.992846 -42.544910
-89.077683 -42.511884
-89.162431 -42.478796
-89.247089 -42.445646
-89.331658 -42.412433
-89.416137 -42.379158
-89.500526 -42.345821
-89.584826 -42.312423
-89.669036 -42.278962
-89.753157 -42.245441
-89.837189 -42.211857
-89.921131 -42.178213
-90.004983 -42.144507
-90.088747 -42.110741
-90.172421 -42.076913
-90.256006 -42.043025
-90.339502 -42.009076
-90.422908 -41.975067
-90.506226 -41.940998
-90.589454 -41.906868
-90.672593 -41.872678
-90.755644 -41.838429
-90.838605 -41.804120
-90.921478 -41.769751
-91.004261 -41.735322
-91.086956 -41.700834
-91.169563 -41.666287
-91.252080 -41.631681
-91.334509 -41.597016
-91.416849 -41.562292
-91.499101 -41.527510
-91.581265 -41.492669
-91.663340 -41.457769
-91.745326 -41.422811
-91.827225 -41.387795
-91.909035 -41.352722
-91.990756 -41.317590
-92.072390 -41.282400
-92.153936 -41.247153
-92.235394 -41.211848
-92.316763 -41.176487
-92.398045 -41.141067
-92.479239 -41.105591
-92.560346 -41.070058
-92.641364 -41.034468
-92.722295 -40.998821
-92.803139 -40.963118
-92.883895 -40.927359
-92.964563 -40.891543
-93.045144 -40.855671
-93.125638 -40.819743
-93.206045 -40.783759
-93.286364 -40.747719
-93.366597 -40.711624
-93.446742 -40.675473
-93.526801 -40.639267
-93.606772 -40.603006
-93.686657 -40.566690
-93.766455 -40.530318
-93.846167 -40.493892
-93.925792 -40.457411
-94.005330 -40.420876
-94.084782 -40.384286
-94.164148 -40.347641
-94.243427 -40.310943
-94.322621 -40.274190
-94.401728 -40.237384
-94.480749 -40.200524
-94.559684 -40.163610
-94.638534 -40.126642
-94.717297 -40.089622
-94.795975 -40.052547
-94.874567 -40.015420
-94.953074 -39.978240
-95.031495 -39.941007
-95.109831 -39.903721
-95.188082 -39.866382
-95.266247 -39.828991
-95.344328 -39.791547
-95.422323 -39.754051
-95.500234 -39.716503
-95.578059 -39.678903
-95.655800 -39.641251
-95.733456 -39.603548
-95.811028 -39.565792
-95.888515 -39.527986
-95.965918 -39.490127
-96.043236 -39.452218
-96.120470 -39.414257
-96.197620 -39.376246
-96.274686 -39.338183
-96.351669 -39.300070
-96.428567 -39.261906
-96.505381 -39.223692
-96.582112 -39.185427
-96.658760 -39.147112
-96.735324 -39.108747
-96.811804 -39.070331
-96.888201 -39.031866
-96.964516 -38.993351
-97.420551 -39.533821
-97.883317 -40.072692
-98.353034 -40.609904
-98.829932 -41.145397
-99.314247 -41.679106
-99.806223 -42.210966
-100.306113 -42.740906
-100.814177 -43.268855
-101.330683 -43.794738
-101.855909 -44.318478
-102.390140 -44.839994
-102.933672 -45.359202
-103.486809 -45.876013
-104.049864 -46.390338
-104.623161 -46.902080
-105.207034 -47.411141
-105.801826 -47.917418
-106.407890 -48.420802
-107.025590 -48.921183
-107.655300 -49.418443
-108.297405 -49.912460
-108.952300 -50.403109
-109.620389 -50.890255
-110.302087 -51.373762
-110.997820 -51.853486
-111.708023 -52.329278
-112.433140 -52.800980
-113.173623 -53.268431
-113.929934 -53.731460
-114.702540 -54.189893
-115.491919 -54.643544
-116.298549 -55.092223
-117.122916 -55.535731
-117.965509 -55.973861
-118.826817 -56.406398
-119.707329 -56.833119
-120.607532 -57.253791
-121.527907 -57.668175
-122.468929 -58.076022
-123.431062 -58.477073
-124.414756 -58.871061
-125.420444 -59.257712
-126.448538 -59.636741
-127.499423 -60.007855
-128.573457 -60.370754
-129.670959 -60.725127
-130.792212 -61.070659
-131.937450 -61.407024
-133.106855 -61.733894
-134.300554 -62.050930
-135.518607 -62.357793
-136.761005 -62.654136
-138.027660 -62.939610
-139.318403 -63.213866
-140.632974 -63.476554
-141.971019 -63.727322
-143.332081 -63.965825
-144.715599 -64.191720
-146.120903 -64.404671
-147.547209 -64.604351
-148.993617 -64.790442
-150.459116 -64.962640
-151.942575 -65.120654
-153.442752 -65.264211
-154.958295 -65.393057
-156.487750 -65.506958
-158.029562 -65.605704
-159.582088 -65.689109
-161.143607 -65.757014
-162.712328 -65.809288
-164.286408 -65.845829
-165.863958 -65.866566
-167.443065 -65.871457
-169.021804 -65.860492
-170.598249 -65.833693
-172.170497 -65.791114
-173.736674 -65.732837
-175.294955 -65.658976
-176.843576 -65.569673
-178.380842 -65.465097
-179.905145 -65.345444
178.585032 -65.210933
177.091107 -65.061806
175.614389 -64.898324
174.156077 -64.720768
172.717257 -64.529434
171.298898 -64.324631
169.901855 -64.106681
168.526868 -63.875915
167.174564 -63.632672
165.845465 -63.377296
164.539987 -63.110135
163.258447 -62.831539
162.001071 -62.541859
160.767995 -62.241445
159.559276 -61.930643
158.374895 -61.609799
157.214768 -61.279252
156.078744 -60.939336
